6939
24482
49544
174
3356
39120
199524
1239
1828
35280
271253
37721
6057
51185
212483
137409
263152
23106
15830
61568
47787
41327
42473
25091
41047
3257
6461
34224
267613
917
39351
1299
13237
37468
7018
36351
4455
9002
35598
34927
18106
28624
12779
3216
63927
52873
28634
38880
25160
53070
8220
52320
5405
29075
20764
8298
37100
33891
60503
34019
34549
263237
28917
16552
34288
48362
12552
6233
50629
45352
14061
58299
48919
47957
24961
286
5713
34177
14537
2914
14630
15605
3214
49605
56987
59890
20932
41095
57406
15547
41805
20485
42541
47147
4826
8218
58057
7713
14907
51184
7575
58511
25220
8758
13335
559
945
9304
328832
1267
8447
20562
3303
701
39122
12389
29140
59605
62167
6424
50304
9498
8283
64475
12859
50300
199938
198385
35360
12969
8966
12637
1103
50673
47692
48858
9044
398465
15435
13760
9902
57695
46887
553
17639
32787
31510
264479
8359
396998
205112
140627
16735
210937
35710
1764
3333
1140
8426
49420
13030
21412
213151
4181
1031
209
206356
7195
13194
20473
8309
200780
51873
49673
31133
3399
4755
53828
3741
8896
5398
136557
132337
31025
4764
60068
50763
293
3491
28792
31742
28716
3549
56655
24516
48070
4637
62275
2119
41811
35266
9505
3320
23764
24724
51088
4608
15576
12741
15412
13786
38001
41722
58453
207841
6762
8455
8560
6453
2603
35320
3170
41666
4766
4230
23673
57304
47160
9930
9049
32437
32653
30844
37680
2027
327983
4657
14840
329035
140984
202365
50607
58952
6774
22773
63956
327804
132847
50628
35600
135607
37239
22652
852
19551
50877
6667
8708
20940
205206
29479
20495
148968
327960
151420
6894
20912
31019
394256
21859
46450
328512
199181
202032
57111
20804
35426
3786
52468
9318
328266
36236
49434
58717
3223
8881
22356
59105
9009
19151
55720
7545
201054
40994
328474
23947
262589
9299
58308
60171
49709
3326
4775
6777
53087
7029
29535
30781
53062
680
28283
4800
59919
204092
328320
23367
42
7594
16509
32934
54994
8660
15169
212828
35369
37271
40934
136106
15133
7049
5511
61832
6830
29119
29838
16265
44103
9050
2906
16276
37662
55256
35297
31500
31027
4788
132825
10310
54113
2497
135895
9583
54004
1680
20115
57344
52025
1820
396986
8315
10429
13150
24429
4761
34800
714
23473
4134
2516
5645
3130
15695
9121
12912
17557
17676
3255
8717
2613
8075
32590
49102
1257
18403
57976
1221
7660
8551
6663
53013
42708
577
29076
33438
8674
7342
29226
5617
6327
12874
12350
2635
136907
15943
20055
2686
6507
1273
6079
3856
132203
8732
6696
7473
12400
29504
25152
30081
39386
31898
33353
54825
62081
29691
5392
150369
29396
139341
264409
45758
8400
29222
35805
4229
50509
2854
8888
31042
45474
2500
138915
55685
12578
35625
1403
5606
8953
45102
4651
263009
8764
21574
29802
34984
8866
12956
39737
8262
33491
62955
2856
132876
201706
139057
138840
13414
15694
11039
22697
36692
55410
7474
25369
9381
24940
7303
45147
46489
22822
61292
5603
29049
8289
702
6730
8529
15802
62044
44444
15623
21700
2381
8641
11432
812
5650
24785
9119
50263
29680
56630
201053
5413
399580
40627
3327
8452
196925
12615
28329
14593
30103
34772
199995
63199
8767
45820
51519
29208
12302
21351
38158
62240
17378
34655
36924
45430
13213
19653
39063
63949
139009
45489
59692
3269
8473
17494
36994
45899
64313
12307
20253
35753
211826
1547
6204
21232
26415
59414
394354
12883
6720
8932
9145
2852
16637
24889
32098
63399
28598
64049
2518
10217
20080
31529
53766
7922
56665
17727
5394
9658
196844
199599
7717
10796
13536
47605
203724
63859
64289
38193
41313
55655
15895
19679
20612
21949
7015
12713
28725
43350
206264
13285
35000
24527
25818
60230
8422
9875
13249
23576
24875
43727
3292
12963
38516
49981
200970
10122
12695
13649
29687
34170
38182
50581
8302
9730
39582
48200
8308
40850
45701
6866
8860
13768
37613
45437
1248
135391
35432
29169
31638
52551
61955
200612
1241
133815
3209
5578
10099
18001
19711
29632
52361
42649
8368
8637
33651
59886
132164
29030
11164
11404
18059
29467
31490
15557
41051
58821
198949
206735
209150
212508
2828
3920
8304
10075
21013
21497
44017
44901
55329
57634
2152
265038
3215
13101
24204
31122
58682
60202
202053
16347
26667
35574
44356
49800
61135
7738
23520
43996
59796
202129
6661
13002
18881
31298
47447
8757
13172
15958
34779
39180
60602
262494
33763
53334
57821
61317
6206
12297
61218
11019
12684
21263
34577
44600
49849
13896
22927
24088
44796
49600
59318
42446
62713
197981
207594
396356
8544
12759
15164
16097
17886
30889
197440
12301
35008
44684
48821
62856
906
2018
6677
9266
23344
23944
43289
58115
8369
20647
28663
53180
57866
61157
5466
9228
35793
40676
50316
60022
1836
139428
9136
21245
31449
36944
44735
60822
21473
49127
51468
8365
11427
38195
41913
137316
16344
20773
50245
58552
198930
204281
12200
12440
23005
37009
263903
13445
25192
33667
41692
53427
56911
59891
7552
42947
44306
46786
48173
55805
55836
59624
62597
131314
141596
12491
20278
33132
34854
42385
140443
12189
20911
25394
34953
58715
112
983
9036
28008
205148
5400
8632
17922
150921
20847
21409
34872
41998
48519
62715
6697
139963
9031
12414
15924
21320
21385
42841
60294
328748
206499
12843
34347
39642
41820
47734
2484
5416
12850
31477
42184
64073
2611
269096
8821
9063
9541
19229
23953
33986
34087
200020
209768
38148
61461
2907
8399
12329
20676
33287
44592
42337
3212
8374
8607
13122
28198
42366
57043
199483
133352
2687
12337
24211
25478
28368
35661
49121
49505
55967
61323
61599
207790
12876
20811
31319
38758
39704
41887
49808
198781
208621
8167
10158
11260
12888
15703
20546
23889
28146
29314
47674
56382
5583
12654
48635
52925
52965
59689
8487
9123
12731
13984
14340
34428
45903
48314
50522
56704
1126
8859
12355
17451
18229
20001
35179
37054
38522
52075
59655
60476
62041
200781
263444
32244
49453
58807
196922
4382
8657
9125
41960
44066
4713
27281
43142
43566
59865
197078
200052
7979
8926
9150
25509
29505
45296
207063
208389
14127
26615
29405
34309
42831
52771
265175
9605
17450
28788
32035
33657
42755
205275
1853
265269
4837
8839
12306
15447
20459
21413
31287
39591
47626
47794
62
5404
268696
7522
9790
13360
20340
33182
38040
39878
42652
43009
50272
57112
60051
60486
270814
15965
25521
26464
28343
32097
34968
36874
55195
327814
203536
4787
5390
15763
149670
20860
21277
39702
40264
44854
11537
8804
15966
20928
28213
39392
41230
41552
47195
48641
50923
53181
196610
202617
205138
703
4809
7642
12387
17408
150178
31424
44814
60350
64315
328366
198967
199939
200023
205530
7155
24637
34863
37119
38983
42861
43068
200478
262675
5430
8245
10282
10474
11014
12897
16164
20853
24953
29606
31229
42156
43366
48237
203936
208414
1921
7016
8647
20144
28773
33922
37282
39832
42695
43414
61349
198726
131958
1101
8339
139901
12399
12676
29014
39090
39912
42093
47836
49375
57811
206755
207176
210890
213373
4648
5605
25180
28186
31673
37678
39572
44034
55002
57724
58307
202932
203101
206446
5524
11796
28889
29286
29686
37558
39647
50083
50266
59908
60280
198089
198792
200197
209181
3301
6855
7795
8468
21056
35180
47172
49685
49870
50352
59711
60064
197071
201877
207375
12941
24723
28126
28876
31727
35213
35258
40401
199790
213241
8648
10103
16019
42459
46844
11664
209823
6735
399976
8893
9211
12703
12993
15743
23028
31515
41114
48739
49033
50309
60169
202425
6810
8763
8878
12732
13045
15598
21040
25151
36864
39923
42295
50169
50340
197000
204805
262503
2818
8462
9115
12312
13830
15606
30925
39637
43372
50812
51167
57257
60610
203329
203489
210312
7385
9116
12479
12678
31317
33843
43391
43641
50837
51786
11058
57169
62336
199163
205943
207811
3267
9354
12857
43942
45009
45629
47232
48152
51375
52863
328112
199284
205627
3758
7470
9829
12480
12808
15933
20886
25133
31242
34465
34867
42965
44788
56534
3352
5539
9924
15366
29263
34245
41041
42020
42605
42689
50533
56654
59507
61231
196752
198228
208992
2200
137491
8391
13037
15967
20712
20969
31103
31708
50469
51310
58138
200738
201290
201791
202954
207701
208844
210728
202
6876
141731
12129
16298
20857
25374
29056
34788
41405
48293
51865
63113
206892
215792
3252
3330
4621
5409
269194
8445
12470
15704
25560
26554
29017
43298
49653
50020
51050
51483
51978
58291
59675
60098
61333
200596
205769
206141
208431
4004
138322
8681
12357
12625
12693
13009
13767
16353
24730
31800
34756
35709
38082
43623
47215
48399
51945
57537
58243
199670
200185
200924
202766
204995
208367
8918
9022
16205
20205
24916
28748
28919
36182
36868
38757
39326
39396
43037
43531
51043
197915
211633
8680
16082
17995
18734
24586
35228
42707
43205
43467
45014
46055
50858
51752
61244
62105
201401
786
3213
3561
12902
12931
16024
21221
25279
29611
35311
41624
43061
47372
47872
50061
56258
198046
201701
211713
211945
262907
133840
6082
7843
8781
12680
18676
20766
25068
25455
30999
31399
33848
33920
34141
34442
34966
35575
41529
44608
47973
48484
59545
60517
60800
62023
196714
197731
199421
201201
205668
250
262663
8319
9370
12576
12577
16247
31328
36916
47480
50295
51343
51561
55219
202046
210036
212477
2711
3302
5631
6908
8282
8301
9269
17222
150748
25460
39175
39686
56443
62663
64050
197063
197727
204881
6648
8683
13004
19108
20559
25516
28260
30855
31472
35205
35826
41000
43341
49063
49425
49627
50072
53667
56368
58580
60326
60522
513
135069
6805
7500
8879
9198
20686
24594
25376
28760
29527
41289
41354
52554
57575
59395
196954
199275
132602
4808
6717
8540
8849
13208
17665
19009
20799
20849
21336
30766
30827
39202
39560
41090
45117
48305
57455
209045
3300
4780
8151
8469
8823
9153
12390
12453
20504
21472
25159
25415
25428
28761
30740
31257
34086
34659
39378
46244
49463
62887
197692
201119
201838
201962
206825
211597
600
2519
11351
15510
18283
21267
28693
29006
29404
34270
35699
38719
39521
47638
48101
58273
60345
60979
61124
63293
199713
201225
208016
208034
262462
3204
5503
15766
21161
34066
34895
39839
41690
42611
43530
50823
51531
59437
59900
60793
196968
200768
202020
205678
212795
395505
11172
12488
13039
29141
34368
35729
38915
39356
39498
41107
43190
51847
56329
59659
61098
62365
199659
201512
205388
205881
262355
5459
8530
12494
15817
17088
20677
21559
22616
29419
31631
34119
41033
41275
43407
44314
44858
44973
56990
60670
61215
327782
196879
196881
199775
200070
200735
202282
202596
205175
205520
206067
206347
206483
206813
213052
216071
262761
137831
138128
8587
9957
11179
11426
12886
28676
29624
58224
33363
36086
43140
51409
51553
55821
55850
57356
59778
60255
60672
62163
198736
204109
205975
206626
207995
210893
262847
394625
1916
15894
20783
21476
29081
30600
33668
34746
35437
39537
41378
43256
43323
44965
47138
47998
49183
51055
51809
57653
57793
58323
59933
60868
62227
200062
201277
203582
204264
204598
205892
207044
208189
213307
263073
1136
2116
5089
12322
12496
13367
21030
21099
28979
35399
41495
43013
48303
48605
48945
49158
51159
51324
59811
197898
198290
206934
207083
208802
211393
212027
212655
5482
5607
6834
13054
17072
20633
29452
34624
39208
40999
42344
43519
47631
50489
51265
59455
60377
197637
203851
208636
209400
210226
210627
213050
8752
8851
16086
19754
20640
25899
31034
31200
44974
49088
49415
49823
59110
197790
198570
201126
203421
204558
205741
206530
212263
212341
266931
6423
399647
8038
17762
49910
50023
51823
57118
58010
58272
198018
198440
199335
201261
203568
205479
206775
213054
213094
43754
137367
8595
16316
16376
24679
25081
29668
41798
46562
47065
48284
48927
59439
62217
199452
201213
263966
5500
9507
12360
43404
45796
51402
56418
56701
57353
58007
196695
197965
201776
205389
205614
210062
136255
6789
8412
14868
31029
38016
55824
199716
204316
209326
2860
4515
5483
8100
139742
12025
15594
20681
28801
31216
39602
47272
53991
60439
202661
205771
206295
206924
210083
212109
264997
134823
4058
6849
7311
13058
38022
39156
47720
48294
50889
56478
61337
62943
199481
203372
5410
8492
9886
20792
34758
35834
41379
54415
56444
57154
58226
61423
201764
209110
211882
212567
262476
984
6768
6853
7632
12085
15305
20326
20810
21928
31543
35819
37002
45177
49820
57512
63023
199610
200187
210752
211307
263432
133296
4847
11232
14259
21449
25549
30058
45558
49025
51276
53813
61844
328126
199468
216084
262287
1280
12735
12748
15654
21433
25933
33652
35551
42567
44749
45250
48825
52840
53158
54309
56474
58188
60561
197964
212635
262740
263998
4213
399728
6621
12310
15925
22645
47999
52000
197301
204151
9848
15456
16397
20632
20965
27064
35313
38235
39927
49176
49718
50606
58945
200700
205689
210333
12923
13132
13876
38731
44217
49009
49572
51333
52872
327813
203180
203416
204193
133613
5056
136168
267469
6181
7725
8360
140951
15290
20915
21100
22300
24173
24691
29550
29670
31214
43872
50010
198554
204174
210874
2857
3737
9083
12041
22381
23352
23951
24745
27552
28158
30517
33660
39835
53356
60725
62642
198249
206999
132215
267420
6660
141137
12958
13807
15935
15994
16814
23930
25291
28173
30598
32133
33650
40630
41678
49788
51918
57777
64114
197156
203015
394684
4538
8437
10753
36459
38561
58075
61678
63916
64096
203347
3754
263482
266583
270735
9534
11845
13789
15436
4750
33490
40065
42044
50477
61012
200132
200278
13094
207803
3630
266201
8772
8902
140224
18450
24203
26801
29009
37497
49206
51492
52871
58907
201933
202418
2044
265144
3462
266167
267056
5610
136897
138997
9158
10010
12083
26744
33965
38496
42010
48688
51263
197580
207866
132116
132280
2764
5564
268624
17978
18119
11383
30132
35224
37179
38794
44503
47935
59985
197669
1759
2734
4862
398704
273683
13113
17511
23470
28189
28757
29608
31261
35071
35104
35985
202984
206673
211029
262493
719
264293
133385
264562
3249
399077
12722
15600
23838
32505
41364
45049
48374
49581
61884
62416
327708
197068
198468
206810
262999
264144
3262
4777
8612
11096
20565
20900
21101
24492
24748
25540
28359
29933
35168
37727
38008
42228
45458
47176
48345
49490
57099
58655
137
263099
263276
268200
268235
7679
9584
11280
12290
18978
28590
31117
36062
41695
42004
44964
45896
49367
53115
199095
201650
209505
210756
803
263327
6325
8002
9931
272713
13977
14315
16713
17054
17547
17621
18101
19905
34606
35676
41484
50293
60021
61745
200845
201789
207456
209859
212815
101
835
132770
265061
6758
8001
28258
30722
38230
38623
42346
45305
50050
56308
60426
206324
262505
263047
263702
2588
264996
265377
5385
6772
138089
7459
269783
9808
11492
22925
25248
26827
27693
33662
39875
47548
47869
52444
56595
197133
204059
213035
262532
2486
266233
266525
136744
268689
7782
9120
20836
25577
32425
48011
48648
205254
205638
207310
209650
2647
4258
266409
266445
4842
5769
399668
8968
11272
12586
16218
22911
23089
24951
26677
28220
31564
306
42916
44141
47820
48347
52573
52580
52974
53237
55176
57630
58656
197422
208293
210152
262342
262427
262468
4812
5391
7670
9821
12418
15401
28968
41039
42909
47704
48971
50411
62000
205460
205848
211083
2614
3580
266181
4773
136334
6421
8554
139628
9500
10242
14282
14877
15796
16080
16921
22742
23855
24323
25182
26496
29655
29884
35612
36040
41549
41720
42845
43668
47866
48885
49362
59238
61400
64098
198330
199422
263124
132146
263558
264517
133847
265442
135354
136933
268042
6752
7004
8449
9268
9293
12213
12727
13110
13250
13287
15954
19318
20634
22548
24611
25227
25820
28666
34123
35393
36149
37153
37645
44843
52579
60032
61696
327693
209453
211588
226
394065
263087
132167
268314
268976
137969
269595
8728
10094
21508
23404
24753
24776
25467
26459
27630
28306
28669
35706
40217
50124
51178
52772
53597
53767
59827
60144
62512
203440
204869
44530
393577
262903
263812
264129
264170
2602
4557
6315
137557
11284
12271
13189
14244
15516
151326
24324
25593
31713
29551
31662
33835
39605
39614
42739
44407
47608
48072
48084
48166
51395
52941
53065
53153
53264
53589
55666
198335
212865
265126
397849
140570
9873
10089
141167
10111
10733
11758
12042
12333
12996
17828
20119
24534
27947
28191
29063
30972
32217
34422
34602
35916
37148
39305
43858
46455
50324
50620
50624
50903
51776
52091
52720
55222
55518
61758
64126
202022
202224
202855
205103
209288
211501
213279
10133
131111
262191
262206
262474
262970
262979
263336
395354
264528
7772
7992
8778
271145
9146
9457
9723
13576
20986
22689
23114
30823
31263
33845
38740
39153
39526
39781
41480
41564
44092
48297
49289
50655
51269
57468
57902
59554
59699
59905
62296
203201
204207
212694
212855
262288
132132
3605
4922
5580
137366
6738
7483
9246
9905
11071
11686
23314
24589
25454
28202
28649
29465
31736
34250
44431
45543
47536
48273
51514
51580
53587
55081
56048
61029
61099
61287
61614
63631
199248
202321
206516
208814
81
262428
263880
133159
264598
4628
7529
138699
8047
8723
8985
11403
13489
13999
14609
15693
16128
16524
19332
21309
25435
28604
34471
35717
35758
37204
39409
42000
42929
47121
48522
52817
53038
58011
59622
60595
61200
64213
328411
198352
200184
201675
203932
210897
131219
262352
237
265066
265290
266389
266438
267484
6619
268907
6775
7568
272161
13170
14265
18187
20756
22995
24400
25512
28210
28855
28910
29909
30036
32514
34373
35421
37697
8565
48642
48886
51028
61174
61689
63473
198016
198225
199554
203126
204720
205915
206121
206836
209898
212380
215782
263266
1237
1251
263629
264127
2874
3573
266413
6776
138886
8453
8816
271201
10098
15440
147049
16350
16696
20771
21453
28370
29283
30848
31178
33930
34942
35223
37358
38553
39636
42517
43545
47648
48940
49920
50737
52183
53610
57626
57752
58599
58779
60111
60501
60557
60798
61592
328137
198011
200759
201372
202591
206389
206492
209254
209307
210645
211037
211286
213018
262773
393950
1301
2094
264288
133372
265482
265937
266129
4768
5078
5418
137263
6614
268925
138881
139831
8803
9092
9231
9607
10226
11722
12008
13329
15422
15517
17439
19752
21488
22792
25645
28458
28642
29695
30786
31376
31877
31950
32181
33185
34555
34924
35467
37492
41221
43578
44041
47408
48972
49585
51083
51985
52862
57029
57363
60587
60804
61013
62068
62119
62314
62371
64208
198334
198545
199064
200736
203554
203729
204403
209097
209920
211960
212321
213028
216251
58208
376
766
262988
394437
264120
264564
265147
134176
266094
397423
268503
137991
269115
7539
7617
270340
8470
140096
9371
9908
10030
10490
10674
141898
12826
13046
14230
14928
15398
15433
17477
17660
17709
150436
152144
21219
23671
25358
25375
25400
25956
27715
29001
33154
42455
42927
44000
44020
44902
46261
47217
47689
52630
2153
56786
56953
59930
60299
60456
60475
327956
199116
201746
202096
202140
203223
208444
855
263144
263877
265680
266240
135423
4844
5377
136838
6128
268331
269089
269416
8903
271126
9927
10143
10835
12430
12696
14041
17766
18002
18888
20893
21947
22909
23033
23154
23379
23688
26548
27364
29518
29605
30456
31115
31313
34572
34727
35032
37529
37738
38278
40220
41160
44134
44477
45295
48213
48596
48918
49584
49666
51326
51569
52890
63981
196997
197033
197551
198239
198890
199125
199624
200350
200462
203547
204631
204661
204911
206002
206568
206616
208976
211041
211978
212424
215596
3112
668
263250
263661
264162
264329
264943
3329
265933
267470
5378
5467
5518
136749
137280
6799
7497
8265
12347
12849
13247
13415
15962
20021
20141
20924
22302
23550
25019
25184
25447
27647
29182
29424
29449
33659
34554
37035
38090
39104
43201
43284
48422
49489
49915
51430
52531
53005
55944
58067
60772
61895
64444
197662
198622
198721
200950
205344
206874
210715
210821
23686
262417
262659
262785
262808
262901
263324
1653
264556
265022
135025
266152
135158
266269
4760
4779
136119
5408
6846
6922
7604
8251
8796
9100
271387
11114
12182
12555
16839
17924
150220
20552
25563
25581
28135
29278
29438
30041
31514
36947
38220
39444
39764
41653
41872
44512
47302
47864
48326
49983
50782
51942
56030
56038
56504
58280
58678
61633
61680
62014
64445
196749
198471
198551
198651
199562
199662
200043
201333
201602
202870
207439
209323
209528
262317
131267
262706
262821
394177
263151
264215
264216
2110
264525
264592
2688
265036
265171
134196
265330
3238
3250
3701
134835
266197
266416
267464
137182
268267
7162
7296
7862
270358
8387
9297
9341
9680
10954
11776
12597
15692
15836
16302
18200
149290
149513
18530
19024
21396
22355
22987
24641
24663
25598
28225
28768
29104
31430
34578
34879
37349
38442
38965
39020
41191
42291
42760
42908
5488
43833
43843
44334
44513
45204
47531
47764
49100
51758
52747
53102
53240
54329
54527
55039
37061
57642
58430
59378
63928
196621
196810
197473
197492
198951
199811
200249
200553
201866
203969
205801
205919
206087
207351
209022
24631
72
262286
262403
262434
263077
263346
263362
133199
265336
134548
134707
396984
266136
4007
4136
4618
266830
4927
268568
268659
7160
138466
269558
139225
8224
9038
140227
9340
9729
272786
11158
12406
14026
14361
14713
15296
15826
16904
17705
18747
19165
19783
23856
24028
24207
25875
27951
28132
28309
28999
29413
31655
34971
35346
36873
37236
38753
38883
39142
39251
39419
41435
41652
42692
43989
44295
47127
48461
50131
50254
51262
52680
55933
57495
57928
59842
61102
61211
61512
61616
62206
63888
196750
196983
198034
198090
198111
198288
199660
199758
201811
202194
203058
207054
210021
134089
21050
262186
131330
262517
262632
262725
262807
394233
1120
263411
263469
263566
263626
264294
133865
265436
3331
3662
266009
266020
266602
5505
137085
268960
269553
269646
8855
8943
9255
10118
10906
10913
11644
12222
12565
14080
14363
15211
15691
146834
16242
16553
19189
21454
21826
22768
24585
24592
24835
25098
25255
28165
28171
28585
28875
28931
31277
32708
34056
34615
39238
39801
39931
40948
41044
41655
42511
42687
45356
45499
48544
48634
48943
49418
49535
49690
49770
51768
52041
52613
52696
52838
53238
54119
54483
55352
56971
57073
57157
57734
58002
58317
59589
59829
59862
59877
61205
61573
61582
62166
328608
200232
200760
200799
201376
202297
203462
203591
204178
205555
206059
207489
207960
209591
209627
209854
210104
210232
131274
262526
393713
262731
262865
263445
263569
263649
263774
132829
264112
133334
264915
265484
266220
135300
266428
266519
267256
5384
398823
268512
137443
6391
6886
138064
8194
271042
9137
11377
11550
12975
13097
14051
15497
15580
15699
16685
17501
17984
19750
21430
21804
24023
24535
25697
25751
135377
27202
27589
28178
28294
29152
29513
30764
34002
34977
35847
37183
37451
39808
40128
42487
43065
43139
45187
45960
47169
47406
47481
47617
48426
50554
50598
51001
51765
52866
53169
53202
55803
56910
57119
57877
59748
60989
61232
61363
61591
62141
63383
63516
63961
328333
197922
198507
199332
199536
200129
200149
200480
200873
201102
201183
201518
202709
203387
203847
204180
206182
207335
209137
210667
211448
211925
211991
213063
57
262411
262459
262588
262645
394111
263329
263484
263528
263537
263541
263616
263625
133001
264255
264500
2544
264969
265192
265949
266142
266435
266809
398013
135905
5403
137236
139076
8055
8501
8636
9104
9280
140641
142111
12605
12668
12831
12835
13428
14551
16004
16246
16905
17961
18046
19114
20011
20161
20207
21283
22772
23074
26073
26609
27066
396298
28142
28252
28580
32621
34599
34790
34959
35482
35798
37084
37172
37315
38203
40511
42201
42275
43364
43436
43445
45513
47155
48817
48851
49320
49432
49524
49824
51708
52143
266131
52527
52842
52901
52971
53121
54054
56550
57210
57507
58955
59371
60388
60497
60764
62035
63062
64200
64227
64302
327901
328029
197075
197293
197453
197696
328888
198059
198310
198399
198524
200108
200254
200497
200752
200794
201198
201699
202896
202975
203391
203410
204128
204326
206022
206821
207606
209138
210026
210051
210218
16010
211785
212175
212608
262300
262354
262567
549
262720
262727
262753
262815
262851
262868
262952
132335
263470
263583
132528
263656
264209
133524
2586
2593
2607
264949
265080
134090
134148
265268
265421
265475
3361
3663
3999
266192
266211
266253
266520
267221
267593
268214
6300
269589
139285
8676
9264
140719
10396
10423
10578
10886
12136
13238
13727
14754
14773
15702
16143
18013
19523
19855
21334
22299
22418
23316
23881
24749
24971
28145
28573
29446
29491
31617
33445
34343
34691
35665
35807
37168
37342
37356
38264
38622
39479
39729
41330
41494
45637
45763
46091
48417
