6939
24482
49544
174
3356
39120
199524
1239
1828
35280
271253
37721
6057
51185
212483
137409
263152
23106
15830
61568
47787
41327
42473
25091
41047
3257
6461
34224
267613
917
39351
1299
13237
37468
7018
36351
4455
9002
35598
34927
18106
28624
12779
3216
63927
52873
28634
38880
25160
53070
8220
52320
5405
29075
20764
8298
37100
33891
60503
34019
34549
263237
28917
16552
34288
48362
12552
6233
50629
45352
14061
58299
48919
47957
24961
286
5713
34177
14537
2914
14630
15605
3214
49605
56987
59890
20932
41095
57406
15547
41805
20485
42541
47147
4826
8218
58057
7713
14907
51184
7575
58511
25220
8758
13335
559
945
9304
328832
1267
8447
20562
3303
701
39122
12389
29140
59605
62167
6424
50304
9498
8283
64475
12859
50300
199938
198385
35360
12969
8966
12637
1103
50673
47692
48858
9044
398465
15435
13760
9902
57695
46887
553
17639
32787
31510
264479
8359
396998
205112
140627
16735
210937
35710
1764
3333
1140
8426
49420
13030
21412
213151
4181
1031
209
206356
7195
13194
20473
8309
200780
51873
49673
31133
3399
4755
53828
3741
8896
5398
136557
132337
31025
4764
60068
50763
293
3491
28792
31742
28716
3549
56655
24516
48070
4637
62275
2119
41811
35266
9505
3320
23764
24724
51088
4608
15576
12741
15412
13786
38001
41722
58453
207841
6762
8455
8560
6453
2603
35320
3170
41666
4766
4230
23673
57304
47160
9930
9049
32437
32653
30844
37680
2027
327983
4657
14840
329035
140984
202365
50607
58952
6774
22773
63956
327804
132847
50628
35600
135607
37239
22652
852
19551
50877
6667
8708
20940
205206
29479
20495
148968
327960
151420
6894
20912
31019
394256
21859
46450
328512
199181
202032
57111
20804
35426
3786
52468
9318
328266
36236
49434
58717
3223
8881
22356
59105
9009
19151
55720
7545
201054
40994
328474
23947
262589
9299
58308
60171
49709
3326
4775
6777
53087
7029
29535
30781
53062
680
28283
4800
59919
204092
328320
23367
42
7594
16509
32934
54994
8660
15169
212828
35369
37271
40934
136106
15133
7049
5511
61832
6830
29119
29838
16265
44103
9050
2906
16276
37662
55256
35297
31500
31027
4788
132825
10310
54113
2497
135895
9583
54004
1680
20115
57344
52025
1820
396986
8315
10429
13150
24429
4761
34800
714
23473
4134
2516
5645
3130
15695
9121
12912
17557
17676
3255
8717
2613
8075
32590
49102
1257
18403
57976
1221
7660
8551
6663
53013
42708
577
29076
33438
8674
7342
29226
5617
6327
12874
12350
2635
136907
15943
20055
2686
6507
1273
6079
3856
132203
8732
6696
7473
12400
29504
25152
30081
39386
31898
33353
54825
62081
29691
5392
150369
29396
139341
264409
45758
8400
29222
35805
4229
50509
2854
8888
31042
45474
2500
138915
55685
12578
35625
1403
5606
8953
45102
4651
263009
8764
21574
29802
34984
8866
12956
39737
8262
33491
62955
2856
132876
201706
139057
138840
13414
15694
11039
22697
36692
55410
7474
25369
9381
24940
7303
45147
46489
22822
61292
5603
29049
8289
702
6730
8529
15802
62044
44444
15623
21700
2381
8641
11432
812
5650
24785
9119
50263
29680
56630
201053
5413
399580
40627
3327
8452
196925
12615
28329
14593
30103
34772
199995
63199
8767
45820
51519
29208
12302
21351
38158
62240
17378
34655
36924
45430
13213
19653
39063
63949
139009
45489
59692
3269
8473
17494
36994
45899
64313
12307
20253
35753
211826
1547
6204
21232
26415
59414
394354
12883
6720
8932
9145
2852
16637
24889
32098
63399
28598
64049
2518
10217
20080
31529
53766
7922
56665
17727
5394
9658
196844
199599
7717
10796
13536
47605
203724
63859
64289
38193
41313
55655
15895
19679
20612
21949
7015
12713
28725
43350
206264
13285
35000
24527
25818
60230
8422
9875
13249
23576
24875
43727
3292
12963
38516
49981
200970
10122
12695
13649
29687
34170
38182
50581
8302
9730
39582
48200
8308
40850
45701
6866
8860
13768
37613
45437
1248
135391
35432
29169
31638
52551
61955
200612
1241
133815
3209
5578
10099
18001
19711
29632
52361
42649
8368
8637
33651
59886
132164
29030
11164
11404
18059
29467
31490
15557
41051
58821
198949
206735
209150
212508
2828
3920
8304
10075
21013
21497
44017
44901
55329
57634
2152
265038
3215
13101
24204
31122
58682
60202
202053
16347
26667
35574
44356
49800
61135
7738
23520
43996
59796
202129
6661
13002
18881
31298
47447
8757
13172
15958
34779
39180
60602
262494
33763
53334
57821
61317
6206
12297
61218
11019
12684
21263
34577
44600
49849
13896
22927
24088
44796
49600
59318
42446
62713
197981
207594
396356
8544
12759
15164
16097
17886
30889
197440
12301
35008
44684
48821
62856
906
2018
6677
9266
23344
23944
43289
58115
8369
20647
28663
53180
57866
61157
5466
9228
35793
40676
50316
60022
1836
139428
9136
21245
31449
36944
44735
60822
21473
49127
51468
8365
11427
38195
41913
137316
16344
20773
50245
58552
198930
204281
12200
12440
23005
37009
263903
13445
25192
33667
41692
53427
56911
59891
7552
42947
44306
46786
48173
55805
55836
59624
62597
131314
141596
12491
20278
33132
34854
42385
140443
12189
20911
25394
34953
58715
112
983
9036
28008
205148
5400
8632
17922
150921
20847
21409
34872
41998
48519
62715
6697
139963
9031
12414
15924
21320
21385
42841
60294
328748
206499
12843
34347
39642
41820
47734
2484
5416
12850
31477
42184
64073
2611
269096
8821
9063
9541
19229
23953
33986
34087
200020
209768
38148
61461
2907
8399
12329
20676
33287
44592
42337
3212
8374
8607
13122
28198
42366
57043
199483
133352
2687
12337
24211
25478
28368
35661
49121
49505
55967
61323
61599
207790
12876
20811
31319
38758
39704
41887
49808
198781
208621
8167
10158
11260
12888
15703
20546
23889
28146
29314
47674
56382
5583
12654
48635
52925
52965
59689
8487
9123
12731
13984
14340
34428
45903
48314
50522
56704
1126
8859
12355
17451
18229
20001
35179
37054
38522
52075
59655
60476
62041
200781
263444
32244
49453
58807
196922
4382
8657
9125
41960
44066
4713
27281
43142
43566
59865
197078
200052
7979
8926
9150
25509
29505
45296
207063
208389
14127
26615
29405
34309
42831
52771
265175
9605
17450
28788
32035
33657
42755
205275
1853
265269
4837
8839
12306
15447
20459
21413
31287
39591
47626
47794
62
5404
268696
7522
9790
13360
20340
33182
38040
39878
42652
43009
50272
57112
60051
60486
270814
15965
25521
26464
28343
32097
34968
36874
55195
327814
203536
4787
5390
15763
149670
20860
21277
39702
40264
44854
11537
8804
15966
20928
28213
39392
41230
41552
47195
48641
50923
53181
196610
202617
205138
703
4809
7642
12387
17408
150178
31424
44814
60350
64315
328366
198967
199939
200023
205530
7155
24637
34863
37119
38983
42861
43068
200478
262675
5430
8245
10282
10474
11014
12897
16164
20853
24953
29606
31229
42156
43366
48237
203936
208414
1921
7016
8647
20144
28773
33922
37282
39832
42695
43414
61349
198726
131958
1101
8339
139901
12399
12676
29014
39090
39912
42093
47836
49375
57811
206755
207176
210890
213373
4648
5605
25180
28186
31673
37678
39572
44034
55002
57724
58307
202932
203101
206446
5524
11796
28889
29286
29686
37558
39647
50083
50266
59908
60280
198089
198792
200197
209181
3301
6855
7795
8468
21056
35180
47172
49685
49870
50352
59711
60064
197071
201877
207375
12941
24723
28126
28876
31727
35213
35258
40401
199790
213241
8648
10103
16019
42459
46844
11664
209823
6735
399976
8893
9211
12703
12993
15743
23028
31515
41114
48739
49033
50309
60169
202425
6810
8763
8878
12732
13045
15598
21040
25151
36864
39923
42295
50169
50340
197000
204805
262503
2818
8462
9115
12312
13830
15606
30925
39637
43372
50812
51167
57257
60610
203329
203489
210312
7385
9116
12479
12678
31317
33843
43391
43641
50837
51786
11058
57169
62336
199163
205943
207811
3267
9354
12857
43942
45009
45629
47232
48152
51375
52863
328112
199284
205627
3758
7470
9829
12480
12808
15933
20886
25133
31242
34465
34867
42965
44788
56534
3352
5539
9924
15366
29263
34245
41041
42020
42605
42689
50533
56654
59507
61231
196752
198228
208992
2200
137491
8391
13037
15967
20712
20969
31103
31708
50469
51310
58138
200738
201290
201791
202954
207701
208844
210728
202
6876
141731
12129
16298
20857
25374
29056
34788
41405
48293
51865
63113
206892
215792
3252
3330
4621
5409
269194
8445
12470
15704
25560
26554
29017
43298
49653
50020
51050
51483
51978
58291
59675
60098
61333
200596
205769
206141
208431
4004
138322
8681
12357
12625
12693
13009
13767
16353
24730
31800
34756
35709
38082
43623
47215
48399
51945
57537
58243
199670
200185
200924
202766
204995
208367
8918
9022
16205
20205
24916
28748
28919
36182
36868
38757
39326
39396
43037
43531
51043
197915
211633
8680
16082
17995
18734
24586
35228
42707
43205
43467
45014
46055
50858
51752
61244
62105
201401
786
3213
3561
12902
12931
16024
21221
25279
29611
35311
41624
43061
47372
47872
50061
56258
198046
201701
211713
211945
262907
133840
6082
7843
8781
12680
18676
20766
25068
25455
30999
31399
33848
33920
34141
34442
34966
35575
41529
44608
47973
48484
59545
60517
60800
62023
196714
197731
199421
201201
205668
250
262663
8319
9370
12576
12577
16247
31328
36916
47480
50295
51343
51561
55219
202046
210036
212477
2711
3302
5631
6908
8282
8301
9269
17222
150748
25460
39175
39686
56443
62663
64050
197063
197727
204881
6648
8683
13004
19108
20559
25516
28260
30855
31472
35205
35826
41000
43341
49063
49425
49627
50072
53667
56368
58580
60326
60522
513
135069
6805
7500
8879
9198
20686
24594
25376
28760
29527
41289
41354
52554
57575
59395
196954
199275
132602
4808
6717
8540
8849
13208
17665
19009
20799
20849
21336
30766
30827
39202
39560
41090
45117
48305
57455
209045
3300
4780
8151
8469
8823
9153
12390
12453
20504
21472
25159
25415
25428
28761
30740
31257
34086
34659
39378
46244
49463
62887
197692
201119
201838
201962
206825
211597
600
2519
11351
15510
18283
21267
28693
29006
29404
34270
35699
38719
39521
47638
48101
58273
60345
60979
61124
63293
199713
201225
208016
208034
262462
3204
5503
15766
21161
34066
34895
39839
41690
42611
43530
50823
51531
59437
59900
60793
196968
200768
202020
205678
212795
395505
11172
12488
13039
29141
34368
35729
38915
39356
39498
41107
43190
51847
56329
59659
61098
62365
199659
201512
205388
205881
262355
5459
8530
12494
15817
17088
20677
21559
22616
29419
31631
34119
41033
41275
43407
44314
44858
44973
56990
60670
61215
327782
196879
196881
199775
200070
200735
202282
202596
205175
205520
206067
206347
206483
206813
213052
216071
262761
137831
138128
8587
9957
11179
11426
12886
28676
29624
58224
33363
36086
43140
51409
51553
55821
55850
57356
59778
60255
60672
62163
198736
204109
205975
206626
207995
210893
262847
394625
1916
15894
20783
21476
29081
30600
33668
34746
35437
39537
41378
43256
43323
44965
47138
47998
49183
51055
51809
57653
57793
58323
59933
60868
62227
200062
201277
203582
204264
204598
205892
207044
208189
213307
263073
1136
2116
5089
12322
12496
13367
21030
21099
28979
35399
41495
43013
48303
48605
48945
49158
51159
51324
59811
197898
198290
206934
207083
208802
211393
212027
212655
5482
5607
6834
13054
17072
20633
29452
34624
39208
40999
42344
43519
47631
50489
51265
59455
60377
197637
203851
208636
209400
210226
210627
213050
8752
8851
16086
19754
20640
25899
31034
31200
44974
49088
49415
49823
59110
197790
198570
201126
203421
204558
205741
206530
212263
212341
266931
6423
399647
8038
17762
49910
50023
51823
57118
58010
58272
198018
198440
199335
201261
203568
205479
206775
213054
213094
43754
137367
8595
16316
16376
24679
25081
29668
41798
46562
47065
48284
48927
59439
62217
199452
201213
263966
5500
9507
12360
43404
45796
51402
56418
56701
57353
58007
196695
197965
201776
205389
205614
210062
136255
6789
8412
14868
31029
38016
55824
199716
204316
209326
2860
4515
5483
8100
139742
12025
15594
20681
28801
31216
39602
47272
53991
60439
202661
205771
206295
206924
210083
212109
264997
134823
4058
6849
7311
13058
38022
39156
47720
48294
50889
56478
61337
62943
199481
203372
5410
8492
9886
20792
34758
35834
41379
54415
56444
57154
58226
61423
201764
209110
211882
212567
262476
984
6768
6853
7632
12085
15305
20326
20810
21928
31543
35819
37002
45177
49820
57512
63023
199610
200187
210752
211307
263432
133296
4847
11232
14259
21449
25549
30058
45558
49025
51276
53813
61844
328126
199468
216084
262287
1280
12735
12748
15654
21433
25933
33652
35551
42567
44749
45250
48825
52840
53158
54309
56474
58188
60561
197964
212635
262740
263998
4213
399728
6621
12310
15925
22645
47999
52000
197301
204151
9848
15456
16397
20632
20965
27064
35313
38235
39927
49176
49718
50606
58945
200700
205689
210333
12923
13132
13876
38731
44217
49009
49572
51333
52872
327813
203180
203416
204193
133613
5056
136168
267469
6181
7725
8360
140951
15290
20915
21100
22300
24173
24691
29550
29670
31214
43872
50010
198554
204174
210874
2857
3737
9083
12041
22381
23352
23951
24745
27552
28158
30517
33660
39835
53356
60725
62642
198249
206999
132215
267420
6660
141137
12958
13807
15935
15994
16814
23930
25291
28173
30598
32133
33650
40630
41678
49788
51918
57777
64114
197156
203015
394684
4538
8437
10753
36459
38561
58075
61678
63916
64096
203347
3754
263482
266583
270735
9534
11845
13789
15436
4750
33490
40065
42044
50477
61012
200132
200278
13094
207803
3630
266201
8772
8902
140224
18450
24203
26801
29009
37497
49206
51492
52871
58907
201933
202418
2044
265144
3462
266167
267056
5610
136897
138997
9158
10010
12083
26744
33965
38496
42010
48688
51263
197580
207866
132116
132280
2764
5564
268624
17978
18119
11383
30132
35224
37179
38794
44503
47935
59985
197669
1759
2734
4862
398704
273683
13113
17511
23470
28189
28757
29608
31261
35071
35104
35985
202984
206673
211029
262493
719
264293
133385
264562
3249
399077
12722
15600
23838
32505
41364
45049
48374
49581
61884
62416
327708
197068
198468
206810
262999
264144
3262
4777
8612
11096
20565
20900
21101
24492
24748
25540
28359
29933
35168
37727
38008
42228
45458
47176
48345
49490
57099
58655
137
263099
263276
268200
268235
7679
9584
11280
12290
18978
28590
31117
36062
41695
42004
44964
45896
49367
53115
199095
201650
209505
210756
803
263327
6325
8002
9931
272713
13977
14315
16713
17054
17547
17621
18101
19905
34606
35676
41484
50293
60021
61745
200845
201789
207456
209859
212815
101
835
132770
265061
6758
8001
28258
30722
38230
38623
42346
45305
50050
56308
60426
206324
262505
263047
263702
2588
264996
265377
5385
6772
138089
7459
269783
9808
11492
22925
25248
26827
27693
33662
39875
47548
47869
52444
56595
197133
204059
213035
262532
2486
266233
266525
136744
268689
7782
9120
20836
25577
32425
48011
48648
205254
205638
207310
209650
2647
4258
266409
266445
4842
5769
399668
8968
11272
12586
16218
22911
23089
24951
26677
28220
31564
306
42916
44141
47820
48347
52573
52580
52974
53237
55176
57630
58656
197422
208293
210152
262342
262427
262468
4812
5391
7670
9821
12418
15401
28968
41039
42909
47704
48971
50411
62000
205460
205848
211083
2614
3580
266181
4773
136334
6421
8554
139628
9500
10242
14282
14877
15796
16080
16921
22742
23855
24323
25182
26496
29655
29884
35612
36040
41549
41720
42845
43668
47866
48885
49362
59238
61400
64098
198330
199422
263124
132146
263558
264517
133847
265442
135354
136933
268042
6752
7004
8449
9268
9293
12213
12727
13110
13250
13287
15954
19318
20634
22548
24611
25227
25820
28666
34123
35393
36149
37153
37645
44843
52579
60032
61696
327693
209453
211588
226
394065
263087
132167
268314
268976
137969
269595
8728
10094
21508
23404
24753
24776
25467
26459
27630
28306
28669
35706
40217
50124
51178
52772
53597
53767
59827
60144
62512
203440
204869
44530
393577
262903
263812
264129
264170
2602
4557
6315
137557
11284
12271
13189
14244
15516
151326
24324
25593
31713
29551
31662
33835
39605
39614
42739
44407
47608
48072
48084
48166
51395
52941
53065
53153
53264
53589
55666
198335
212865
265126
397849
140570
9873
10089
141167
10111
10733
11758
12042
12333
12996
17828
20119
24534
27947
28191
29063
30972
32217
34422
34602
35916
37148
39305
43858
46455
50324
50620
50624
50903
51776
52091
52720
55222
55518
61758
64126
202022
202224
202855
205103
209288
211501
213279
10133
131111
262191
262206
262474
262970
262979
263336
395354
264528
7772
7992
8778
271145
9146
9457
9723
13576
20986
22689
23114
30823
31263
33845
38740
39153
39526
39781
41480
41564
44092
48297
49289
50655
51269
57468
57902
59554
59699
59905
62296
203201
204207
212694
212855
262288
132132
3605
4922
5580
137366
6738
7483
9246
9905
11071
11686
23314
24589
25454
28202
28649
29465
31736
34250
44431
45543
47536
48273
51514
51580
53587
55081
56048
61029
61099
61287
61614
63631
199248
202321
206516
208814
81
262428
263880
133159
264598
4628
7529
138699
8047
8723
8985
11403
13489
13999
14609
15693
16128
16524
19332
21309
25435
28604
34471
35717
35758
37204
39409
42000
42929
47121
48522
52817
53038
58011
59622
60595
61200
64213
328411
198352
200184
201675
203932
210897
131219
262352
237
265066
265290
266389
266438
267484
6619
268907
6775
7568
272161
13170
14265
18187
20756
22995
24400
25512
28210
28855
28910
29909
30036
32514
34373
35421
37697
8565
48642
48886
51028
61174
61689
63473
198016
198225
199554
203126
204720
205915
206121
206836
209898
212380
215782
263266
1237
1251
263629
264127
2874
3573
266413
6776
138886
8453
8816
271201
10098
15440
147049
16350
16696
20771
21453
28370
29283
30848
31178
33930
34942
35223
37358
38553
39636
42517
43545
47648
48940
49920
50737
52183
53610
57626
57752
58599
58779
60111
60501
60557
60798
61592
328137
198011
200759
201372
202591
206389
206492
209254
209307
210645
211037
211286
213018
262773
393950
1301
2094
264288
133372
265482
265937
266129
4768
5078
5418
137263
6614
268925
138881
139831
8803
9092
9231
9607
10226
11722
12008
13329
15422
15517
17439
19752
21488
22792
25645
28458
28642
29695
30786
31376
31877
31950
32181
33185
34555
34924
35467
37492
41221
43578
44041
47408
48972
49585
51083
51985
52862
57029
57363
60587
60804
61013
62068
62119
62314
62371
64208
198334
198545
199064
200736
203554
203729
204403
209097
209920
211960
212321
213028
216251
58208
376
766
262988
394437
264120
264564
265147
134176
266094
397423
268503
137991
269115
7539
7617
270340
8470
140096
9371
9908
10030
10490
10674
141898
12826
13046
14230
14928
15398
15433
17477
17660
17709
150436
152144
21219
23671
25358
25375
25400
25956
27715
29001
33154
42455
42927
44000
44020
44902
46261
47217
47689
52630
2153
56786
56953
59930
60299
60456
60475
327956
199116
201746
202096
202140
203223
208444
855
263144
263877
265680
266240
135423
4844
5377
136838
6128
268331
269089
269416
8903
271126
9927
10143
10835
12430
12696
14041
17766
18002
18888
20893
21947
22909
23033
23154
23379
23688
26548
27364
29518
29605
30456
31115
31313
34572
34727
35032
37529
37738
38278
40220
41160
44134
44477
45295
48213
48596
48918
49584
49666
51326
51569
52890
63981
196997
197033
197551
198239
198890
199125
199624
200350
200462
203547
204631
204661
204911
206002
206568
206616
208976
211041
211978
212424
215596
3112
668
263250
263661
264162
264329
264943
3329
265933
267470
5378
5467
5518
136749
137280
6799
7497
8265
12347
12849
13247
13415
15962
20021
20141
20924
22302
23550
25019
25184
25447
27647
29182
29424
29449
33659
34554
37035
38090
39104
43201
43284
48422
49489
49915
51430
52531
53005
55944
58067
60772
61895
64444
197662
198622
198721
200950
205344
206874
210715
210821
23686
262417
262659
262785
262808
262901
263324
1653
264556
265022
135025
266152
135158
266269
4760
4779
136119
5408
6846
6922
7604
8251
8796
9100
271387
11114
12182
12555
16839
17924
150220
20552
25563
25581
28135
29278
29438
30041
31514
36947
38220
39444
39764
41653
41872
44512
47302
47864
48326
49983
50782
51942
56030
56038
56504
58280
58678
61633
61680
62014
64445
196749
198471
198551
198651
199562
199662
200043
201333
201602
202870
207439
209323
209528
262317
131267
262706
262821
394177
263151
264215
264216
2110
264525
264592
2688
265036
265171
134196
265330
3238
3250
3701
134835
266197
266416
267464
137182
268267
7162
7296
7862
270358
8387
9297
9341
9680
10954
11776
12597
15692
15836
16302
18200
149290
149513
18530
19024
21396
22355
22987
24641
24663
25598
28225
28768
29104
31430
34578
34879
37349
38442
38965
39020
41191
42291
42760
42908
5488
43833
43843
44334
44513
45204
47531
47764
49100
51758
52747
53102
53240
54329
54527
55039
37061
57642
58430
59378
63928
196621
196810
197473
197492
198951
199811
200249
200553
201866
203969
205801
205919
206087
207351
209022
24631
72
262286
262403
262434
263077
263346
263362
133199
265336
134548
134707
396984
266136
4007
4136
4618
266830
4927
268568
268659
7160
138466
269558
139225
8224
9038
140227
9340
9729
272786
11158
12406
14026
14361
14713
15296
15826
16904
17705
18747
19165
19783
23856
24028
24207
25875
27951
28132
28309
28999
29413
31655
34971
35346
36873
37236
38753
38883
39142
39251
39419
41435
41652
42692
43989
44295
47127
48461
50131
50254
51262
52680
55933
57495
57928
59842
61102
61211
61512
61616
62206
63888
196750
196983
198034
198090
198111
198288
199660
199758
201811
202194
203058
207054
210021
134089
21050
262186
131330
262517
262632
262725
262807
394233
1120
263411
263469
263566
263626
264294
133865
265436
3331
3662
266009
266020
266602
5505
137085
268960
269553
269646
8855
8943
9255
10118
10906
10913
11644
12222
12565
14080
14363
15211
15691
146834
16242
16553
19189
21454
21826
22768
24585
24592
24835
25098
25255
28165
28171
28585
28875
28931
31277
32708
34056
34615
39238
39801
39931
40948
41044
41655
42511
42687
45356
45499
48544
48634
48943
49418
49535
49690
49770
51768
52041
52613
52696
52838
53238
54119
54483
55352
56971
57073
57157
57734
58002
58317
59589
59829
59862
59877
61205
61573
61582
62166
328608
200232
200760
200799
201376
202297
203462
203591
204178
205555
206059
207489
207960
209591
209627
209854
210104
210232
131274
262526
393713
262731
262865
263445
263569
263649
263774
132829
264112
133334
264915
265484
266220
135300
266428
266519
267256
5384
398823
268512
137443
6391
6886
138064
8194
271042
9137
11377
11550
12975
13097
14051
15497
15580
15699
16685
17501
17984
19750
21430
21804
24023
24535
25697
25751
135377
27202
27589
28178
28294
29152
29513
30764
34002
34977
35847
37183
37451
39808
40128
42487
43065
43139
45187
45960
47169
47406
47481
47617
48426
50554
50598
51001
51765
52866
53169
53202
55803
56910
57119
57877
59748
60989
61232
61363
61591
62141
63383
63516
63961
328333
197922
198507
199332
199536
200129
200149
200480
200873
201102
201183
201518
202709
203387
203847
204180
206182
207335
209137
210667
211448
211925
211991
213063
57
262411
262459
262588
262645
394111
263329
263484
263528
263537
263541
263616
263625
133001
264255
264500
2544
264969
265192
265949
266142
266435
266809
398013
135905
5403
137236
139076
8055
8501
8636
9104
9280
140641
142111
12605
12668
12831
12835
13428
14551
16004
16246
16905
17961
18046
19114
20011
20161
20207
21283
22772
23074
26073
26609
27066
396298
28142
28252
28580
32621
34599
34790
34959
35482
35798
37084
37172
37315
38203
40511
42201
42275
43364
43436
43445
45513
47155
48817
48851
49320
49432
49524
49824
51708
52143
266131
52527
52842
52901
52971
53121
54054
56550
57210
57507
58955
59371
60388
60497
60764
62035
63062
64200
64227
64302
327901
328029
197075
197293
197453
197696
328888
198059
198310
198399
198524
200108
200254
200497
200752
200794
201198
201699
202896
202975
203391
203410
204128
204326
206022
206821
207606
209138
210026
210051
210218
16010
211785
212175
212608
262300
262354
262567
549
262720
262727
262753
262815
262851
262868
262952
132335
263470
263583
132528
263656
264209
133524
2586
2593
2607
264949
265080
134090
134148
265268
265421
265475
3361
3663
3999
266192
266211
266253
266520
267221
267593
268214
6300
269589
139285
8676
9264
140719
10396
10423
10578
10886
12136
13238
13727
14754
14773
15702
16143
18013
19523
19855
21334
22299
22418
23316
23881
24749
24971
28145
28573
29446
29491
31617
33445
34343
34691
35665
35807
37168
37342
37356
38264
38622
39479
39729
41330
41494
45637
45763
46091
48417
50867
50917
51200
51500
51956
52532
52559
52639
52973
53048
53152
53184
55140
55569
56294
57208
57681
59816
59835
60011
60330
60771
60976
61805
61817
64404
197091
328501
197506
198191
198463
199434
200044
202347
202662
203072
204188
205260
205697
205755
207551
207994
208591
216239
216444
262285
262293
262316
262343
262643
262734
262856
262900
263035
263270
263462
133045
264492
264589
133720
264998
396238
134143
265229
134187
3242
265462
134555
3653
266003
266101
266166
266636
135636
267460
267669
268892
268944
268985
6848
269075
400318
269396
269524
138552
269656
270817
8739
271645
140577
9650
9744
10594
11556
12541
13359
13737
13855
14371
14380
16101
16342
16851
17625
17976
17993
149522
19531
20751
22071
24864
24880
25773
28658
29246
31059
31252
32212
32308
32478
33566
33724
33915
34660
34820
35012
35048
36224
37276
37314
38047
38456
38478
39114
39608
40244
40317
41847
43160
43185
43708
44097
44332
45349
47569
47708
48846
49902
50601
52637
52699
52721
52742
52759
53243
53340
55330
57277
57629
58627
59813
60404
60592
60917
61049
61589
61704
327996
328317
197589
199020
199150
199803
200000
200351
201080
202309
202585
202673
204121
205495
206238
206460
206476
207029
207715
207934
208501
208920
208972
211084
211391
211671
212895
215512
216302
49134
131284
262387
262409
262424
262444
262463
131477
262595
262609
262696
262832
263024
263080
263311
132255
263517
132579
264009
264111
264217
264270
264345
264386
2280
264543
264963
265019
265135
134078
265181
265311
265434
266121
135126
266228
4150
266388
4270
266608
135718
266962
267120
267121
5091
267429
267475
267614
267974
268097
268126
268199
268207
268323
268510
268551
137990
138384
7387
269535
7524
7540
7784
139089
8092
8241
270497
270664
270706
271011
9026
9186
9328
271508
271578
272539
142160
11666
12540
12714
13331
14463
14650
15256
15388
16591
16912
17534
17554
17559
17579
17686
17806
18233
19016
150279
19930
21886
23486
24413
24479
24955
25148
25229
25472
26794
28130
28131
28201
28293
28300
28308
28610
28640
29470
29614
30500
33604
37187
37564
37650
37673
38333
40138
41421
41491
42005
42306
42313
42812
44267
46276
46375
47478
47586
47833
48092
48822
48964
49763
49769
50060
50287
50473
51465
51933
52795
52888
52913
53047
53107
53175
55247
55542
56482
57365
58158
58463
61888
63306
327849
327943
327950
197205
197275
198612
199325
199396
200050
201939
203172
203214
203478
205010
208808
209358
209408
209754
210129
210917
212123
212559
6471
270804
393225
262404
262572
262637
262757
262765
262811
262880
262973
262995
263055
932
263086
263155
263380
263395
263486
263518
263536
263703
263961
1887
264186
264207
133210
264359
264512
395662
133959
265187
265264
3225
3226
265975
266169
266400
266414
266423
397654
4594
4641
135817
4805
266986
267163
267458
267530
267619
267809
268131
268157
268171
6208
268404
268637
268647
268952
269023
137995
269070
269182
269391
269506
269672
269715
7595
7794
7819
270052
8517
139609
8596
270820
271069
271179
271701
9558
9824
10929
11090
11123
11320
273595
11924
12401
12519
12570
12593
12687
13215
13693
14717
14745
14978
15108
15672
15808
16559
394102
16970
18390
18779
19464
20454
21176
21719
22335
23175
23749
24033
24183
25139
26223
27611
28299
28352
30880
33412
35133
35236
35339
35394
35614
36012
36940
37049
37105
37254
37542
38930
39087
39217
39563
39583
39699
40165
41717
41974
42574
42632
44391
44439
44484
45265
45671
45768
47541
47841
49321
50928
51198
51782
51826
52565
52587
52603
52631
52695
52729
52780
52900
52908
52935
52978
52999
53052
53122
53178
53231
54641
56690
57381
57758
57883
58879
60427
61068
61786
61858
61923
61951
62040
63150
327767
328337
197267
328441
328543
198297
199324
199837
199976
200976
201709
201723
203217
203346
203596
204384
204778
205891
205916
208059
208864
209659
212602
131149
77
271
262478
262516
262557
262558
262565
262812
262822
263120
263129
263153
263267
263321
263328
263332
263415
263471
1351
132499
263641
263979
263980
263994
264017
264159
264223
264332
264440
264449
264490
264571
264597
2639
264962
396097
265053
265113
265169
265215
134220
265317
265379
265417
134672
134688
134697
3742
397031
266080
135060
266242
266454
266470
266545
266952
136001
267197
267199
267325
267326
267366
267373
267387
267398
267575
267594
5463
267999
136964
268529
399606
268581
6505
268824
6702
268862
268900
269036
269109
269217
269260
269352
269530
269597
7479
138637
7600
7693
270375
270438
270553
270674
270836
270901
270932
271000
271116
8995
271309
9313
271466
271478
271498
271609
272102
10222
141995
273461
142601
273697
12611
12709
12817
13157
14860
16278
16504
17898
149785
19969
20394
20655
21446
23105
24313
24514
265398
24739
25061
25575
27688
27851
28125
28154
28184
28209
28276
28637
28656
28665
28668
28840
29050
29124
31396
31856
266921
32261
6429
32415
32703
32869
33548
34304
36222
36352
36416
37055
37618
37622
37670
37675
38858
39399
39719
40107
40788
41103
41606
41753
42656
43733
44056
45267
45650
45780
46475
46997
47363
47775
48416
49403
49531
49640
50507
51048
52544
52571
53075
53085
53086
53097
53187
53196
53221
53684
55244
55752
56035
56286
56488
56694
56958
57420
57700
57910
58507
59645
59953
60981
61044
61138
61650
61672
61748
61851
61866
61901
62205
62586
327751
327754
327991
328327
328400
197337
328423
328576
328631
329006
198013
329371
198605
200409
200748
200899
202120
204947
205675
205998
206075
206276
206539
206774
207133
208702
209757
210321
211918
212755
51074
393238
262433
262490
262498
262499
262507
262546
262571
262591
262669
262755
262806
263025
394151
263089
997
263265
263442
263495
263511
263532
263586
263608
263623
263917
264013
264025
264075
264160
264197
264200
264204
264246
2134
133403
264491
264496
264544
264552
264555
395823
264872
264926
133934
133930
265043
265086
265093
265140
265207
3067
265244
265272
265300
265365
3261
3342
265905
265950
3842
266013
266097
266098
266135
266185
266198
266207
266213
266322
266399
135373
266592
266620
266951
266961
266989
267115
267124
5009
267263
267334
267367
267372
267378
267408
267521
267522
267562
267567
267602
267621
267638
5523
267994
268037
268047
268085
268106
268128
268162
268168
268192
268205
268221
268222
268243
268346
268384
268471
268485
6456
268605
268817
268835
6700
268860
268940
269002
269138
7055
400282
269215
269221
7106
269299
269351
269360
269435
269518
269572
7477
138571
269659
269705
138988
8048
270294
270382
270393
270586
270668
270738
270796
8751
270907
8788
270946
270967
271023
271143
9008
271203
9155
271339
9221
271383
9253
9263
271421
9286
271458
140407
271488
271562
271599
271600
9519
140593
271670
271733
140736
9993
272719
272739
10798
273380
11338
11767
11802
12179
12650
12775
13495
13825
14277
14570
15964
15997
16629
17537
17990
19429
19662
151544
20694
21360
21723
22324
22427
264999
22724
23058
23171
23201
26077
28169
28195
28215
28219
28232
28239
28334
28335
28360
28398
28618
28972
29107
29319
29672
30029
30833
30860
31167
31246
31272
266926
32444
33229
33576
34251
34612
34979
35237
36493
36968
37157
37266
37519
37599
37652
37724
38154
38186
38733
38819
39022
39134
43957
44358
44527
44747
44994
46416
46616
47236
48024
48257
48287
48394
48500
49115
49368
51132
51904
52376
52660
52686
271018
52927
52944
53014
53089
53101
53154
53160
53162
53246
54182
55555
56190
56456
57187
57795
58473
59432
60362
60572
60821
61430
61686
61726
61768
61784
61797
61802
61871
61890
61922
62093
7707
63931
64415
327733
327872
327896
327935
327936
328051
197019
197046
328214
328456
328633
328661
328677
328810
197825
198102
329206
199490
199496
200161
200590
200675
201196
202562
204309
205102
205219
205330
205483
206173
206804
206988
209368
211398
211638
211972
212054
212236
212415
212580
212751
213281
18351
262253
262302
131270
262457
262512
262540
131476
262605
262655
262662
262689
262691
262710
262742
262764
262842
262972
263096
263143
132168
263269
263347
263377
263461
263466
263478
263535
263544
263614
263634
263675
263869
263891
263929
264103
264124
264135
133077
264195
264212
264295
264425
264450
264503
264567
395880
265041
265095
265188
265217
265234
265255
265282
265389
265478
134521
265928
265943
3816
265968
265978
265996
266006
266029
266060
266154
266165
266360
266430
266465
135409
266492
266498
266546
266560
266607
266625
266651
4658
266967
266968
267024
267026
267076
267088
267158
267209
267248
267386
267441
267462
267473
267551
267573
5429
267647
267665
267666
267675
136792
268013
399100
268069
268134
399224
268252
268311
268339
268387
268402
268446
268502
268517
268671
268684
268732
268747
268913
268924
6856
7020
7057
269308
269338
269423
269462
138398
269547
269557
7506
269663
269690
7668
7720
7752
270263
270271
270306
270361
270425
270522
270541
270577
270581
270600
270606
270682
270737
270794
270838
270860
8793
271008
271283
271337
271358
271408
271410
271464
271477
9351
271500
271565
271587
9449
271663
271682
272021
9925
10024
272195
272213
272432
272753
273793
11844
13182
13293
13357
14114
14115
14325
14988
15614
15685
146788
16117
16800
17306
17666
19637
19689
19740
20474
21299
21743
23783
24638
24806
25386
25615
27400
27843
27988
28153
28166
28187
28196
28229
28275
28571
28582
28589
28644
266448
31235
32030
32440
33570
33941
35193
35928
36213
36374
36985
37028
37199
37482
37546
37640
37720
38172
38583
40387
268563
42913
43070
43226
43500
43709
43809
43848
44050
44096
45040
45194
45706
45804
45852
46131
47104
47211
47223
47702
50226
51331
51437
52294
52562
52593
52617
52705
52739
52758
52762
52814
52848
52951
52956
53020
53100
53201
53209
55182
55355
55900
57913
58150
58349
61031
61308
61659
61700
61732
61751
61893
62537
327716
327791
327909
327923
327966
327987
327988
328049
197036
328262
328270
328278
328306
328341
328388
328444
328510
328568
328621
328657
328732
328760
328795
328819
328820
328946
328974
329289
199904
199947
200303
201133
201806
202675
204280
204302
204504
204861
205099
205572
205985
206548
206617
207203
207697
207992
208376
208905
209030
209369
210412
328562
211816
212330
328788
262664
262290
262306
262313
262346
262360
262402
262454
262469
262480
262504
262585
262614
262624
262684
262708
262770
262777
262828
262846
262889
262893
262909
262957
262977
263042
263059
263067
263083
263128
263278
263292
263353
263421
263514
263520
263574
394744
263725
263847
263858
263948
263989
264071
264076
264147
264173
264309
264324
264327
133275
264381
264389
264397
264426
264428
264442
264453
2527
2683
264929
264956
264983
133929
265029
265032
265136
265189
134160
265249
265257
265262
265354
265375
265410
265952
265998
266022
266059
135066
4049
266274
266282
266300
266311
266338
266380
266382
266385
266387
266427
266429
266457
266471
266468
266477
266598
4694
4857
267011
267016
267078
267083
267174
267216
398337
267280
267289
267294
267360
267466
267496
267536
267560
267610
268006
268035
136969
268041
268043
268072
268125
268138
268156
268172
268202
268234
268253
268296
268396
6295
268464
268504
268509
268519
268546
268576
268578
268606
268608
268661
268698
268699
268721
268746
268787
268789
268866
268874
268995
269031
269039
269047
269151
269170
269180
269235
7131
269293
269314
269329
269344
138296
269401
269439
269474
269479
269496
269523
7381
269568
269574
269632
269681
269720
400818
7687
7690
139021
270248
270285
270289
270350
270398
270414
8280
270442
270477
8342
270550
270560
270598
270627
270653
270675
270741
270760
8646
270819
270851
270878
270888
270916
270921
270922
270923
270976
8838
271027
271075
271110
271115
271117
9085
271300
271325
271340
271343
271380
271385
271398
271474
271547
9595
9652
272022
10019
272230
10131
272461
272505
272610
272659
272710
10912
273573
273703
273721
273772
12338
12895
13000
13490
14178
14744
14979
15084
16409
18126
18568
18616
19515
20672
21021
152368
21339
22442
23138
23816
23943
23961
24538
25532
27781
28001
28176
28223
28254
28361
28606
28639
28952
28978
29583
29748
30971
30990
31127
31572
32242
32398
33362
6736
34183
34525
34700
35277
35353
35526
35810
35986
37363
37395
37628
37634
39328
39684
39855
40805
41232
41268
272573
41651
42518
43832
44416
44622
44712
44765
44794
45015
45152
45498
269673
46632
47321
47949
49037
49551
50113
50911
52569
52648
52674
52706
52799
52827
52920
52930
52932
52938
53003
53010
53018
53019
53139
53173
54048
54600
55044
271533
55486
55581
55707
56040
56111
58096
58329
58894
59123
59848
59970
60193
60735
61010
61221
61296
61297
61468
61648
61665
61716
61822
61900
61916
61918
61941
62103
62904
327824
327897
327907
328146
328170
328176
328178
328216
328220
328285
328323
328334
328347
328351
328360
197307
328434
328437
328471
328480
328517
328547
197477
328598
328720
328772
328790
328803
328829
328839
328848
328870
328884
197883
328963
329063
329240
329340
329392
198367
201246
201814
202813
204923
206479
207013
207187
209141
209970
210139
210570
211371
211510
131948
215550
35708
132228
109
262268
262311
393398
262385
262530
262539
262545
262610
262620
262644
262674
262690
131642
262881
819
263016
263053
394449
263433
263475
132405
263512
263525
263582
263585
263595
263596
263663
263666
263855
263892
263897
263898
1798
263945
264133
264141
264152
133130
264238
264285
264321
264360
264473
264519
264577
395657
264861
264913
265006
265008
265067
265143
265152
265158
265197
265281
265303
134365
134578
3661
396926
265886
265918
265923
265938
265966
266081
266107
266247
266353
266453
4646
4685
266948
267032
267050
5050
267288
267291
267393
267397
267401
267412
267446
267513
267516
267620
136900
267993
268057
268145
268210
268231
268251
6122
268350
268385
268397
268400
268459
268460
268468
268622
268628
268676
268710
268729
268768
268821
137853
268935
137872
269153
269171
269223
400304
269243
269254
269266
269298
269315
269337
269359
269370
269372
269385
269387
269444
269475
269627
269626
269628
269640
269649
269657
269665
269670
269674
269708
7577
270268
270336
270341
8242
270447
270468
270482
270528
270624
270630
270763
270776
270782
8687
270905
139883
270995
271016
271150
271189
271258
271266
9129
271284
262344
271402
271404
271432
271439
271479
9416
271561
271575
271604
271617
271626
271632
271673
271690
271739
9929
272447
272488
272757
272794
10780
10834
142014
273568
273616
273669
273678
273765
273814
11992
12131
12508
12773
13119
13188
14010
14204
15238
15525
15570
15626
15932
16652
18081
18150
18260
18268
19116
19171
19990
20214
20626
20904
21693
22702
23956
24186
24334
24449
265393
24680
24703
24863
26038
26506
28204
28824
28890
28891
28929
29259
29447
29648
29990
30188
30851
30988
31383
31595
266923
266933
6509
32751
33247
34955
35366
35487
35745
36103
37053
37225
37235
37317
38136
38611
39522
39691
39791
39810
41009
41601
42612
42893
43542
44865
45411
48728
49830
50087
51484
51681
51964
51973
52374
52455
52545
52640
52818
271022
52861
52963
52964
52977
52991
53050
53051
53057
53061
53123
53130
53166
53236
53939
55644
55766
56284
56962
57136
57152
58629
59191
59574
59637
59959
60274
61071
61092
61580
61584
61593
61737
61928
61948
62373
62563
64047
327761
327794
327812
327889
327893
327894
327908
328041
328045
328061
328114
328209
328267
328287
328339
328373
328375
328384
328461
328467
328519
328536
328544
328560
328596
328638
197653
328728
197667
328744
328767
328882
197888
329039
198128
329222
329305
329401
198477
198610
199298
199362
199918
200995
201222
201479
202844
202877
203333
203605
203815
204310
205032
206784
207614
208014
208188
328077
208907
208985
328119
209072
209739
210278
210350
211715
212033
212487
212911
328902
329259
329291
329414
215664
216333
267511
262380
262401
262566
262787
262791
262978
263032
263097
263110
1011
263159
263251
263297
263357
263387
263468
263497
394749
263922
263934
263985
264014
264023
264228
264248
264342
395478
264424
264550
264580
264596
133676
2685
264876
264903
264927
265017
265058
265072
265117
265260
265279
265338
265345
265390
3316
265491
3801
135027
266145
266156
266191
266246
266260
266272
266538
135526
266641
267034
398223
398334
398491
267439
267467
267623
267649
267662
5726
267955
267988
268029
136972
399116
136994
268183
6083
268240
268330
268375
268436
268600
268726
268788
268793
268878
6739
268890
268962
137897
268997
269044
269053
269090
269131
7122
269429
7438
269639
270241
270320
8234
8323
270608
270623
270684
270766
270816
270877
270949
270998
271064
271180
271205
271206
9070
271414
271437
271459
140399
271529
271538
271586
271692
271694
271761
9749
140905
141047
141114
272207
272462
272477
10361
272555
10430
272701
272741
141721
10947
11233
142366
11922
12571
12618
14103
14586
14793
263548
15673
16168
16314
17293
17473
17492
17535
17958
17996
18077
18278
18451
18647
18988
19331
19399
151338
22379
23913
4817
24284
24768
25424
25668
26042
26156
26370
27008
27696
27720
28133
28234
28292
29091
29134
29287
29357
266444
30110
30404
30640
31084
31293
31769
32298
33489
33554
33765
34187
34594
35196
35539
35617
37150
37273
37333
37491
37515
37549
37653
38634
38790
38826
39083
39216
40545
41802
42411
43045
43278
43561
43766
44002
44655
44670
45230
45259
269667
47181
47583
48366
48602
48832
49038
49101
49895
50182
50241
51248
51407
51744
52375
52596
52635
52765
52820
52821
52887
52931
53043
53155
53234
53486
53764
54290
55350
55567
55808
56800
57103
57407
57483
57583
57907
58321
58470
58868
59790
59793
272455
60446
61394
61652
61676
61759
61763
62214
62668
64241
327808
327961
327962
327982
327984
327992
328039
328068
197013
328106
328172
328210
328356
328361
328386
328422
328446
328548
197482
328656
328672
197617
328735
328745
328777
328785
328802
328868
328916
328952
329036
329042
329053
329098
329202
329346
198539
199081
199520
199708
199805
200275
200449
200461
201324
201330
201593
202193
202196
202207
203752
203779
204333
204809
205080
205243
206423
206621
208569
208825
209835
211251
212131
213205
216246
139749
47542
48752
393227
393444
262412
262435
393552
262518
262606
262809
262826
393968
262981
263065
132046
263154
263284
132252
263341
132330
1321
263510
1421
263573
132585
394728
132779
132808
263928
263982
264227
133189
264393
264461
2495
395717
2514
2515
2716
265016
2895
265172
265284
265302
396431
266124
4043
266248
266365
266436
4385
266593
4474
4581
952
267117
267212
267313
136258
267544
5495
398712
267957
268083
268108
268146
268335
268359
268548
268607
268708
6568
268735
268749
268983
269015
137945
269035
7046
269270
269271
269376
400474
269422
269517
7516
269683
270362
139301
8330
8402
270673
270795
270943
8820
271131
8990
271138
9110
271274
9230
9312
9342
271544
271660
9536
140637
262491
10214
272458
141394
272730
141992
11751
11830
12067
12180
12764
12778
13273
14203
15844
147039
147120
16066
16417
17017
17077
19527
150746
19893
20249
21388
21500
21534
21575
21766
21976
22250
22386
22422
23629
23655
23871
23875
24271
265409
25355
265948
27446
265997
28216
29303
29329
30929
31444
31445
31549
31621
34244
35328
35657
36591
37479
37627
33597
38277
38438
38541
38628
38809
39775
40028
40495
41446
41985
43022
43567
43633
43973
45037
45561
47122
47329
47914
48126
48348
48610
48678
49296
49724
49743
51069
51341
51582
52112
52675
52788
52980
53141
53245
53616
53865
54588
271407
55270
55334
55521
55561
56373
131744
56745
56864
57174
58409
60840
61325
61728
61792
61823
61940
62160
62423
62838
196624
327737
196735
327892
327939
327979
328024
328036
328179
197204
328315
328336
328431
328505
328583
328698
328699
328730
328749
328841
328874
328911
328970
329032
329153
329237
329243
329384
199632
203123
203182
204419
206383
207921
207952
208056
208549
209059
209707
209735
210619
210644
211157
213039
216211
216458
269931
9622
262448
262496
262649
262729
262820
131931
131937
263101
263139
263162
132094
1100
263261
263431
263591
263592
263801
394977
263935
264046
264092
264323
264339
264446
264455
264462
264984
264989
265178
134189
3367
134469
3479
265684
265892
265915
135328
135425
266502
266586
4680
4851
267186
267229
267299
267427
267450
5690
136805
267935
267995
268120
268289
268372
268432
6364
268538
268589
268592
268645
268668
6623
268790
6731
269154
269208
269267
269320
269366
269522
7530
269719
7682
7849
8057
270276
270293
270333
270372
8346
139468
270654
8518
8664
270990
271014
139951
271093
9080
271255
271257
271745
9885
10084
272529
272584
141626
10794
11269
11290
273602
273767
266205
12353
12392
12880
13370
15022
17350
17683
18129
149240
18218
20388
20710
151819
21525
22512
22850
23265
23724
23778
23820
23854
24253
24545
25234
25513
26106
26380
26446
26523
28188
28271
28285
28554
28907
29571
266440
29918
30032
30038
30071
396914
31415
31499
266927
32489
32899
33951
34718
34936
35047
35087
36891
36908
37007
37316
37399
37403
37484
38949
38984
39046
39089
39184
39543
39785
39904
40350
41206
41400
41560
42781
42905
43260
43576
43994
44347
44772
44914
44943
45638
46231
46353
46811
46849
47377
48239
48781
49120
9795
49322
50009
50187
50414
50698
50775
51060
51577
52373
52541
52600
52783
52876
52984
52997
54632
55785
56195
56634
57141
57624
58436
58601
58708
58712
59103
59126
59217
59360
59984
60079
60447
60470
60504
60695
61503
62410
62600
63452
327750
328037
328038
328125
197064
197099
197155
328275
328350
328426
328473
328490
328523
328538
328567
328575
197524
328644
328706
328763
328964
328966
329095
329317
198279
199226
199319
202050
202513
202829
203068
203784
204332
263481
207137
207564
208236
209564
138592
210558
212427
262312
262667
262966
262968
924
263238
1213
263456
263793
394968
263991
1955
133120
264346
395466
133380
133389
264559
264890
396040
265055
265091
265130
265450
3308
3480
134711
134753
397326
266373
266434
266460
266529
266534
266571
266633
266725
4693
398044
267009
267205
136204
267363
267380
267497
267670
136741
136764
136779
268123
268344
6220
268413
268525
268593
268876
137816
6821
6881
6895
269088
400194
7048
138965
138968
270523
270564
270669
270810
270826
270863
270893
271019
140099
271232
9226
271373
271456
9336
9374
271548
271553
271746
262501
9997
10000
10021
272284
272601
10481
10973
11242
11522
11961
13127
13657
15024
15085
15128
15177
15190
16880
17514
17645
17685
18117
18274
149723
150158
19518
19834
20464
21709
21782
22572
23780
23921
24279
24640
24689
24904
24989
25084
25144
25837
26838
396125
27216
27257
27258
27882
28140
28143
28144
29588
30012
30950
31195
31725
31857
33071
33771
34080
34154
34797
35592
35640
36734
36951
36992
37368
37412
37658
38466
39040
39138
39273
40160
40581
40824
41135
42498
43413
43507
43541
44030
45588
45931
46155
46156
47110
47114
47504
47645
48719
49218
49722
49835
49925
49954
50360
50448
50776
50953
51013
51092
51155
51345
51464
52308
52323
52714
52995
53222
53708
54253
55423
56307
56656
56679
57007
57279
58411
58689
58718
59482
59497
60150
60159
60459
60806
60823
61403
61729
61750
61785
61873
62082
62183
62269
62917
64015
327922
328001
197029
197080
328164
328199
328222
328313
328399
328468
328498
328507
197563
328719
328747
329038
329058
329064
329121
329125
329126
329159
329166
329279
329290
198317
198346
199290
202173
202550
202921
203712
204272
204666
204860
204949
205132
205811
207056
207168
207923
208349
208393
208563
209531
211244
212049
212261
3
262365
393457
260
262502
262908
262940
263277
263507
263617
263650
132816
263906
132895
133255
264344
133421
395664
2572
133817
265266
3175
3258
3285
3557
265721
3601
265979
266031
266216
266565
267007
267129
267170
136161
267244
267345
267428
136499
5538
398962
6503
268685
268730
6672
6713
6723
137922
269040
6968
269118
269219
269237
138165
400687
7511
400810
8053
270352
8331
270589
139597
139646
270847
139799
8895
9051
140171
140231
271328
9419
271590
271740
10004
272163
272274
272276
10204
10302
272549
272558
272636
272692
142007
11062
11191
142393
11340
11744
12252
12265
14453
14492
14969
15848
15930
16223
16477
17035
17143
17707
17754
18121
18135
18282
18400
18712
149851
19122
150593
20318
20791
20815
20880
21738
22561
22677
23669
24342
24443
265405
24812
24936
25189
25308
25506
26989
27065
28605
29028
29117
29430
29468
30176
30742
30936
31148
31349
31720
32323
34139
34171
34352
34527
34545
34911
35908
37350
37523
38084
38631
268201
39010
39045
39603
39709
41082
41779
41967
42325
42339
42369
42396
42512
42668
42676
42864
42910
42961
43248
43966
44430
44640
44682
44882
44894
45665
45769
47273
47493
47522
47600
48249
48948
49013
50115
50313
50472
50488
50636
51058
51151
51601
51764
52153
52668
52892
53133
53292
54198
56349
56472
57214
57286
57608
57723
58269
58310
58392
58530
58989
59125
59239
59871
60072
60129
61604
62011
62099
62283
62646
62749
63052
327817
327903
328173
328442
328624
328643
328670
328714
328826
328915
328931
328935
197991
199665
199669
200030
202054
202087
202756
202895
204409
205094
205209
205597
206703
207785
208087
208210
210612
211694
211700
212221
213065
213138
1767
2
131091
131293
262738
131735
262861
394367
1448
132529
132641
132849
395127
1930
133075
264189
264191
264275
264459
264554
264569
396422
3360
134456
3614
266420
135386
135406
135668
4983
398203
267191
267195
398700
268080
399226
399240
6147
268527
6400
6407
268560
137547
268843
400006
269199
400414
7332
138423
401307
270240
270264
270437
270543
270622
271251
9270
140452
9409
271557
9597
141000
10002
10032
10352
272501
272665
142616
11814
13280
13427
14288
14615
147061
16099
16186
16284
17682
17903
17955
18407
149647
18859
18880
19186
19782
151203
20448
20722
20723
21069
21312
21367
21632
23620
23969
24255
24259
24476
24651
25292
25372
25905
26792
27908
28654
28667
28994
29086
29684
29974
30997
31370
31554
32709
32808
33549
34547
34665
34743
34960
35278
35361
35833
36866
36925
37027
37088
37441
37693
38091
38165
38320
38832
38887
39199
39545
39790
41360
41508
41540
41966
42678
42764
42773
43106
44299
44489
45298
45916
46071
47258
47379
47438
47655
47845
47954
48117
48128
48282
48451
48464
48467
48558
48646
49353
49476
50538
50625
51032
51175
51273
51346
51380
51559
51790
51800
52409
53594
54429
54506
54665
55003
55701
56099
56172
56199
56391
56400
56835
57456
57487
57809
58464
58589
59747
60139
60975
60983
62874
62913
63069
196739
196914
328074
197235
328346
328417
197518
328761
328816
328912
198044
198101
198401
198947
201548
203030
203099
203620
204671
204679
204773
207713
209008
210111
211609
213113
210
262364
131310
262414
297
262470
262506
262713
131923
131934
955
132165
263320
263500
132559
132774
1741
395359
264311
264531
133527
395753
133615
2559
396000
396106
134067
3132
3465
134732
265890
397545
266591
266623
4675
4725
135834
267642
136621
267699
5670
136784
398960
268190
6059
399521
268753
6653
137753
6820
137896
6893
269500
7546
138814
270364
8535
270874
8978
140051
141766
10879
11142
11259
11287
11342
142631
11979
12335
263003
12739
13105
13684
15399
15595
15757
146981
147020
16110
16406
16625
16700
17726
17939
18068
18683
19008
151358
20985
21127
152320
22541
22549
22604
22964
23252
23965
24198
24249
24395
24796
25143
25511
26068
26088
27026
27224
27566
27578
27884
27983
28683
28785
28892
29084
29097
29170
29394
29414
29457
30399
30886
31083
31863
32150
32550
32613
33544
33661
33923
34223
34312
34409
34456
34762
34844
34939
36640
36817
37447
37457
37963
39257
39612
39817
40237
41073
41201
42303
42504
42555
42765
42830
43133
43270
43317
43380
1733
44384
44539
44863
44923
44927
45090
45287
45577
45582
45754
46208
46435
47737
47868
48009
48161
48220
48278
48424
48768
49125
49612
49675
49909
50153
50157
50265
50289
50326
50392
50597
50695
50767
50810
50822
51219
51399
51701
51706
51863
52106
52195
52251
52404
52915
53274
56262
56327
56627
56814
57246
57264
57829
58239
58376
272187
58914
58965
59045
59613
59740
60347
60488
61154
61307
61588
61770
62366
62390
62682
64044
327926
328032
197704
198187
198498
198709
198984
200362
200380
200434
200487
200999
201163
201359
201677
201730
202334
202499
202605
203118
203165
204941
206262
208060
209148
209674
210123
211623
213369
215563
215704
273706
11317
50898
1
262197
224
131618
131657
131775
393954
131952
131965
131982
263338
394581
132448
132476
132491
394678
263973
264221
395301
133173
133206
264398
133483
133548
133647
133873
265335
134809
265936
135212
4678
4778
136284
136308
267452
136398
136634
5563
5582
5664
6130
399462
137329
137386
6336
137562
138195
7270
269832
8192
8285
270596
8491
8629
8697
139862
8913
9177
9201
9365
9732
10105
141514
10778
10881
11077
142271
142412
11468
142579
13319
13443
14007
14742
15054
15280
15377
15493
15589
15738
16724
17210
17635
17675
17917
17931
18615
150150
19197
19366
19919
20294
20303
134366
21034
152179
21734
21777
22258
22413
22884
23918
24257
24521
24567
24593
24700
24929
25003
25341
25441
25948
26105
27330
27717
27750
5526
28438
28670
28738
29067
29244
29311
30286
30539
30818
30975
31080
31275
31294
31466
33422
33588
33654
33823
33991
34058
34265
34907
35004
35271
35522
35680
35787
36225
36730
36884
36902
36926
37075
37474
37480
135523
38106
38176
39384
40428
41475
41676
42065
42072
42331
42377
42425
42437
42463
42673
42998
43031
43153
43192
43714
44061
44185
44212
44383
45910
47027
47242
47288
47562
47699
47927
47989
48266
48298
48349
48524
48659
48882
49124
49287
49342
49371
49779
49821
49828
50130
50183
50222
50231
50596
51095
51230
51520
51528
51648
51669
51685
51780
52060
52092
52360
52777
271021
53163
53338
53591
54614
55391
56087
56344
56449
56540
57393
57578
57661
57680
59162
59577
59766
60273
60808
61090
61111
62648
63850
63971
327822
196762
328750
198072
198537
198675
198916
199250
199405
200498
200988
201211
201594
202486
202719
204373
204394
204471
205063
205516
205996
206066
206119
206477
206926
207153
207294
207353
207457
207668
208314
208879
209114
210246
8376
211914
213387
213396
216090
44400
367
262182
131161
393424
131659
131706
394018
132111
132296
394501
132647
1766
395400
133326
133333
264579
395768
264821
2728
264911
265078
134139
3128
265277
3218
134316
396905
134877
266214
4128
266302
135269
266630
4540
397860
4811
398202
267332
5531
398764
5568
5662
398987
268355
6360
137449
6404
137576
399898
269175
269311
269501
7505
7562
138884
7908
8240
270548
8410
270638
8615
139967
9199
9260
9544
9593
140910
272612
142596
11647
11888
12033
12059
12502
12998
13178
13259
13307
13636
14116
14224
14500
14522
15191
15267
146974
146979
17223
17356
17465
17670
17889
18070
18125
18255
18596
149767
150363
19382
19465
151336
20645
151976
21485
22351
22518
22612
22646
23274
23498
23627
23805
23827
24319
24499
24541
24811
24837
25082
25145
25251
25273
25371
25557
25853
25914
26288
26479
26878
27299
27425
27523
27678
27997
396507
29177
29388
29649
30688
30960
31078
31409
31726
32475
32748
33044
33139
33361
33541
33606
33811
34102
35039
35199
35325
35434
35644
36943
37305
37922
37989
38524
38639
38987
39264
39375
39447
39449
39493
39505
39798
41034
41119
41165
41320
41589
41617
41718
41743
41897
42177
42310
42560
43073
43103
43228
43287
43297
43406
43409
43476
43648
43653
43865
43885
43925
44065
44128
44273
44889
45158
45496
45528
45677
400113
47119
47196
47283
48223
48225
48339
48438
48559
48571
48957
49079
49223
49458
50084
50092
50299
50331
50398
50572
51944
52324
52363
52981
53907
53913
54535
54804
55293
55376
55406
141384
55990
56264
57227
57324
57332
57452
57717
58088
58279
58396
58793
59607
59611
60075
60191
60357
60754
60893
61064
61924
62782
63131
63529
63772
63779
63839
63969
196764
196776
196843
328316
328365
197309
197382
197502
328605
197572
197632
328818
328855
197889
197969
198913
199103
199484
199978
200089
200524
200539
200594
201228
13979
202098
202566
203395
203485
203500
203929
204453
204735
204772
205051
205185
205358
205535
205628
205717
206186
206737
207239
207676
208882
208954
209116
209185
209533
210201
210702
210993
211181
212974
213317
213403
215445
215828
262210
393319
131303
262485
262535
393737
557
262769
131929
131930
131949
131970
131986
263145
132267
132372
263606
394710
132696
263920
132884
132890
263968
1835
133115
264273
395502
395567
133434
2386
2526
395743
2698
396253
265198
3455
3512
3853
3855
134980
397270
397373
266304
266337
4195
397540
135565
4508
266771
135760
4818
267055
136030
267278
398427
267355
398446
398482
267576
399337
399486
399558
268692
6643
137718
6712
137996
138077
269307
269454
269633
7633
401008
138995
270867
271192
9208
9245
271388
9408
9621
9648
140994
10003
10006
141397
142017
10996
11228
11240
11711
11904
12212
12257
12332
12824
12844
12989
13631
13739
13765
13791
14201
15378
15502
15682
393891
15754
15874
15886
146976
16532
16832
17012
17253
3477
149042
18345
149485
18997
19047
19237
19694
20539
20845
21032
21333
21416
22006
22764
23419
23487
23641
23731
23779
23808
23818
23822
23824
23829
23884
23966
24095
24138
24263
24277
24550
24993
26210
26512
26531
26652
26806
27932
28118
28745
28797
29003
29492
30383
30549
30733
30998
31834
32160
32881
33130
33359
33387
33442
33983
34300
34358
34362
34636
34723
34858
35053
35202
35723
35770
36001
36280
36445
36731
36750
36776
37020
37248
37288
37619
37731
37904
37930
39102
39310
39422
39598
39679
41148
41151
41264
41554
41842
41881
131926
42149
42227
42353
42569
42610
42615
42778
43309
43332
43418
43513
43764
43798
44112
44124
44143
44291
44386
44628
44835
45269
45410
45687
45839
46195
46687
47096
47544
47850
47895
48078
48371
48408
48452
48573
48638
48848
49282
49340
49542
49730
49776
49888
49984
50418
50467
50579
50599
50661
50716
51034
51147
51297
51590
51635
51666
52016
52657
52716
53525
53636
53732
53933
54002
54351
54363
55309
55359
55536
56354
56410
56475
56709
56882
56899
56930
57049
57085
57142
57354
58045
58095
58246
58325
58369
58713
59097
59492
59718
59883
60277
60530
60777
60782
61553
61666
61764
61979
62379
62382
63213
63270
63419
63774
64067
64411
1554
196883
328107
197131
197177
197248
197522
197709
197809
197826
197835
328917
197927
329028
198004
198371
198611
199075
199265
199410
199503
199518
199860
199975
200107
200565
200573
200994
201661
202004
202257
202395
202478
202803
202936
203380
203687
203835
204279
204536
204582
204957
205226
205385
205604
205718
206048
206455
206610
206652
206663
206846
206907
207561
207942
208354
209624
210209
210250
211000
211360
211655
212763
45400
47200
48147
262150
131156
393442
262376
131316
302
262450
131429
262642
262676
262854
393990
800
131911
131921
131966
263194
132139
132148
263252
132220
132268
263390
263427
263443
132420
132533
394840
1678
263939
133278
264568
133509
264595
133661
2594
133748
133778
2731
133863
2847
265037
134061
265163
134202
3169
134326
266038
266348
266358
135415
266516
266573
4711
135851
4785
266959
4913
267059
136065
398290
267501
5432
398717
398826
5693
136797
137042
399233
268182
6169
6223
399494
6307
6412
137526
268642
268664
268872
268897
6802
138025
138033
400511
138655
7628
7672
139077
8015
8258
270417
8448
8495
8819
8870
139952
271072
271369
9329
271502
9384
9601
140867
10029
141126
10355
141607
142125
11084
11170
11178
11251
11635
11921
11976
11996
12186
12243
12512
12976
13041
13135
13333
13778
14638
15042
15146
15353
15372
15562
15720
15806
133417
146994
16007
16171
17018
17044
17328
17483
18094
18131
18302
18392
18434
18883
149994
19037
150359
20483
20516
20910
21140
21344
21504
21737
22047
22908
23624
23679
23750
23777
23923
24252
24289
24554
24577
25233
25408
25934
26237
26558
26725
27324
27901
28409
28685
28709
28775
28858
29944
30282
30614
30838
31174
31343
31452
31633
32270
32277
32678
33852
33940
33962
34169
34225
34254
34279
34916
35332
35362
35407
35761
35998
36218
36239
36327
36671
36890
36914
37284
37684
37892
38327
38506
38511
38566
38572
38716
38946
39029
39093
39233
39735
39777
39821
39861
39869
39928
40339
40498
40703
41349
41625
41710
41952
41953
42104
42176
42352
276
42772
43118
43171
43376
43515
43896
43984
44454
44532
44629
44692
45029
45278
45306
45494
45668
46015
46269
46309
46506
46525
46847
47123
47333
47474
47618
47680
47705
47884
47923
48219
48487
48763
48956
49136
49478
49528
49567
49628
49715
49720
49852
49883
49941
50088
50619
10100
50829
51314
51396
51408
51477
51636
51684
51747
270823
52008
52191
52508
52509
52624
52850
52988
53407
53507
53698
53791
54103
54574
55366
56515
56628
57055
57121
57494
57789
57944
58003
58065
58650
58940
59127
59278
59536
59945
60580
60662
60705
61194
61414
61950
62129
62363
62523
62833
63296
63311
64433
327727
327772
196906
197062
328167
328237
328246
197221
328391
328418
197405
328589
328594
197592
328837
198040
198083
329276
198227
199008
199042
199338
200005
200818
201205
201714
201925
201966
202914
203447
203937
204126
204271
204346
204482
204484
204522
204600
204779
205022
205329
205813
206011
206355
206732
207911
208959
209861
209902
212397
212417
213075
213089
146919
4652
393226
131160
173
131273
262393
131584
131896
131938
131943
131954
131960
979
263263
263309
132298
263374
263372
263400
263434
1294
263522
263534
263609
263684
132717
264211
2107
264628
2597
2707
133811
396100
133982
2915
133989
134094
134152
265242
134190
265383
3599
397095
397142
266143
135097
135107
135273
266584
266626
266635
266934
398196
136093
267192
267318
398448
136442
5435
5433
136620
267708
5742
399055
268018
268028
268109
137065
268177
137199
268320
6253
6681
6698
268865
6769
137841
6798
268998
269032
6994
269213
269273
269279
138359
7341
138456
7489
138657
7667
270126
8103
8111
270561
270724
139750
139955
271412
271450
140423
140633
9901
9910
10001
10083
10437
141652
11031
11650
12670
12700
12788
12905
263146
13823
13878
14297
14812
15391
15599
15659
15744
146904
146969
146972
146984
16044
16260
16758
16789
16931
17469
17882
18015
149268
18438
18809
18943
19133
19239
19812
19978
151376
20598
20746
21051
21183
21343
21368
21379
22065
22097
22191
22283
22332
22402
22411
22462
22639
23197
23661
23674
23678
23752
23774
23911
24122
24262
24305
24572
24995
25070
25150
25451
25482
25500
25843
25946
26076
26209
26344
26485
26803
26978
27298
27381
27665
27796
27953
27986
28138
28326
28338
28394
28884
28885
28886
29074
29129
29988
30528
30778
30836
30900
31017
31061
31126
31163
31173
31463
31556
31608
31641
31732
32329
32867
33189
33764
34164
34330
34393
34450
34661
34803
137207
35352
35415
35491
35760
35777
35829
36443
36920
36937
37063
37114
37133
37159
37181
37308
37575
37691
37918
37919
38166
38191
38712
39201
39288
39361
39410
39464
39507
39531
39611
39668
39811
39822
39848
40526
40528
40702
40867
40913
41007
41026
41096
41344
41496
41827
41871
41937
41959
42009
42132
42239
42503
42763
42798
42981
43399
43599
43811
43940
44302
44547
44587
45302
45735
45905
45926
46320
47116
47292
47440
47589
47747
47862
47890
47898
47939
47942
48004
48025
48158
48453
48479
49106
132213
49532
49633
49747
49755
49832
50016
50030
50095
50372
50463
50520
50864
50973
51068
51101
51162
51329
51337
51357
51367
51373
51390
51597
51784
51880
51906
51972
52009
52030
52055
52101
52114
52201
52564
52662
52688
52877
52928
52972
53112
53167
53182
53225
53845
54164
54778
55394
56407
56457
56767
56834
56838
57109
57317
57593
58314
58505
59444
60173
60401
60679
60731
60783
60924
61121
61152
61495
61826
62146
62193
63351
63526
63784
64134
196826
328016
328020
197058
328156
328196
328242
328260
328281
197217
197295
328397
328464
197418
197451
328578
197520
197615
197620
328693
328723
328806
197833
197849
328942
329049
198185
198214
198232
329360
198354
198356
198416
198426
198525
198529
198579
198642
199057
199061
199118
199356
199475
199478
199585
199831
199888
200081
200148
200437
200668
200904
201020
201502
201637
201722
201798
201971
201990
202100
202203
202228
202448
202498
202626
202969
202971
203050
203089
203263
203352
203417
203667
203760
203765
203980
204288
204297
204684
205384
205394
205443
205647
205679
205798
205850
205879
207073
207085
207156
207656
208399
209301
209523
209529
210834
210879
211301
212075
212118
212327
212421
212781
213306
213338
19338
22388
49550
131077
131079
393316
262259
131207
393423
262381
131418
262519
131471
262578
262668
262818
262887
262898
131918
131916
131933
131942
131959
131990
132040
263185
132145
394409
132309
132394
1410
132848
263946
263970
264069
1968
395194
2128
264444
133480
264584
133648
2609
133680
2715
2722
133800
264959
265024
265199
265232
265294
3243
3245
3254
3597
3676
265919
3910
397131
266195
266319
135302
135323
397468
397494
4697
135806
4741
136041
267157
398447
267438
5397
136518
5550
5619
136787
267953
137032
137079
268283
6140
268428
268623
268829
6694
6703
268880
6807
269005
137967
269139
269178
269561
400735
138613
138754
269898
138866
269946
7896
139049
270158
8069
8271
8343
8364
131927
139623
139648
8585
270868
8749
8779
271010
139972
9021
9303
271484
9430
140586
140598
9604
9615
10135
10212
141312
142049
11081
11323
273639
11714
11805
11835
11941
12211
12305
12455
12464
12580
12701
12762
12842
13032
13053
13226
13431
13524
13659
13904
13925
14048
14237
14263
14328
14333
14610
14726
15250
15544
15566
15624
15706
15945
147101
16030
147137
147165
17073
17216
17390
17934
17948
149047
18264
18464
149675
150008
19257
150407
19467
19528
150734
19844
19889
20081
151188
20258
151378
20413
151589
20555
151690
20657
20833
20938
21057
21246
21527
21571
21788
22423
22687
22787
23158
23243
23248
23428
23628
23786
23794
23831
23899
23949
24151
24251
24490
24507
24579
24668
24956
25106
25111
25393
26592
27195
27263
27887
28263
266138
28469
28545
29205
29863
30174
31208
32145
32281
32528
33218
33817
33901
33967
34073
34359
34550
34553
34569
34847
35052
35131
35306
35548
35584
35585
35768
35795
35994
36184
36385
36666
36907
36974
37125
37209
37302
38644
38732
38917
38942
39065
39319
39512
39805
39862
40328
40513
41427
41631
41750
41765
41931
42162
42405
42510
42546
42643
43110
43320
43656
60812
43937
44068
44411
44486
44507
44522
44837
44999
45157
45753
45942
46573
47156
47165
47264
47275
47381
47394
47887
48036
48096
48141
48159
48695
48707
48742
48896
48897
48914
49028
49436
49583
49703
49774
50086
50121
50247
50257
50349
50401
50550
50627
50705
50803
50856
51277
51279
51677
51874
51920
51948
51960
51993
52007
52073
52078
52079
52177
52263
52328
52370
52403
52431
52549
52794
52824
53712
53755
54155
54240
54896
55303
55482
56046
56246
56322
56376
56575
56683
56712
56754
57219
57536
57718
57890
57999
58196
58221
58316
58460
58688
58762
58791
58898
58923
58927
59538
59583
59627
59895
60219
60349
60359
60391
60399
60552
60810
60920
60943
61081
61520
61579
61778
61838
61992
62005
62031
62059
62261
62282
63134
63862
63997
64010
64106
64112
64260
196645
196938
197049
328174
197113
197251
197262
328475
328483
197437
328691
197695
197721
197726
328856
328929
329062
198001
329088
329101
198030
198091
198093
198150
198151
329249
198230
198240
198408
198418
198493
198595
198720
198766
198857
198891
198910
198935
199162
199451
199473
199508
199510
199517
199645
199723
199774
199846
200019
200125
200325
200562
200582
200862
200863
200889
201026
201094
201146
201149
201328
201531
201695
201847
201872
201893
201986
202061
202146
202165
202607
202805
202838
202940
202962
202994
203028
203052
203140
203157
203230
203255
203394
137080
203658
203713
203741
203778
204020
204278
204376
204619
204989
205105
205620
205674
205784
205929
206184
206313
206314
206614
206890
207114
207227
207821
208516
208892
208951
209002
209199
209200
209246
209731
209749
209801
209810
209992
210000
210175
210256
210506
211025
211319
211526
212068
212312
212372
213027
213174
215116
216440
393220
9
262248
103
262323
195
262607
393775
567
262799
262805
262967
131955
263057
394232
394265
263229
1104
263290
263343
263355
263363
1226
263396
263526
394883
263860
132789
394976
132857
395075
1970
264145
264213
133217
264498
264588
395846
2721
264932
264935
264936
2821
134053
134075
265315
3165
396417
3221
265465
134486
3464
265703
134734
134739
396922
3738
134844
397074
134937
3911
266076
135014
135015
266126
266236
266284
266374
135307
135330
266478
4459
397732
4609
4739
4749
266941
267184
267426
5536
5587
267845
267942
267963
136958
136978
136990
399199
399362
268374
268390
6536
399760
268697
399888
6764
137847
268988
138005
269146
138096
269181
400317
7219
269433
269488
7465
269712
7671
269862
270014
138973
8025
270290
270317
270353
270499
8508
8515
270777
270928
270955
139949
8890
271208
271220
271247
140457
140469
271646
140583
9587
140670
9657
9745
9832
141039
272112
10015
10011
10022
272193
10299
141480
10803
10991
11054
11414
11528
273717
11815
11855
11993
12075
12087
12089
12294
12324
12459
12556
12737
12827
12847
12985
13460
13806
13821
13837
13868
14117
14135
14148
14618
14689
14743
15461
15471
15541
15774
15805
146977
147195
147279
16253
16290
16491
17060
17117
17158
17426
17466
17488
148979
18692
18701
149934
150318
19255
19256
150366
150750
151332
20521
134363
20714
20960
21211
21341
21808
21973
22177
22216
22296
23031
23342
23618
23630
23633
23747
23900
24008
24077
24187
24295
24309
24489
24652
24822
25122
25154
25505
25526
25694
25844
25975
26110
26253
26383
26395
26613
26673
27742
27775
28103
28197
28682
29203
29386
29534
29582
29665
29831
30170
30238
30247
30337
30417
30475
30536
30730
30923
30931
31169
31225
31747
32286
32319
32563
32575
32625
32806
32880
32890
33059
33127
33257
33302
33480
33619
33680
33874
34397
34714
34757
34918
35007
35348
35505
35506
35562
35872
35911
36210
36295
36965
37016
37018
37076
37177
37228
37545
37908
38150
38254
38283
38365
38525
38749
38768
38948
39101
39297
39315
39561
39566
39661
39870
40089
40123
40864
41028
137095
41071
41281
41357
41644
42088
42090
42209
42231
42312
42402
42711
42714
42832
43338
43420
43440
43495
43503
43521
43612
43797
43852
43927
43941
44032
44084
44086
44595
44646
44654
44668
44700
44988
45274
45284
45432
45630
269679
47140
47220
47322
47427
47445
47694
47697
47806
48243
48481
48579
139922
48683
48727
48732
48910
48915
49052
49242
49290
49359
49461
49588
49785
49791
49814
49924
49963
50073
50112
50633
50754
50999
51218
51579
51616
52210
52279
52332
52359
52500
52962
53066
53072
53235
53620
53848
54519
54538
54578
54579
37012
55382
55405
55470
55705
55799
55943
55996
56123
56381
56399
56511
56522
56523
56600
56635
56905
56949
57197
57249
57255
57305
57334
57443
57613
57665
57773
57800
57814
57966
58022
58082
58084
58313
58439
58466
58504
58778
58944
59253
59460
59514
59782
60195
60466
60542
60563
60646
60733
60953
61094
61134
61173
61203
61233
61242
61373
61455
61504
61712
61775
61831
61917
61939
62009
62241
62310
62429
62538
62610
63457
63474
63731
63741
64275
196657
327932
327952
196928
196957
196969
197226
197227
328364
328482
197480
197503
197650
197697
197712
197747
197838
328948
197977
198036
329144
329212
198148
198216
198257
198269
329386
329408
198424
198490
198591
198777
198906
199197
199238
199296
199341
199408
199413
199414
199516
199666
199981
200031
200176
200274
200410
200438
200577
200930
201049
201113
201217
201427
201782
201785
201900
202339
202434
202563
203086
203272
203302
203551
204019
204179
204455
204576
204875
204880
204930
205005
205264
205272
205308
205685
205727
205809
205871
206170
206319
206369
206910
207170
207802
208025
208041
208154
209086
209385
209428
209631
209921
210142
210144
210542
210552
211316
211399
328674
211886
212346
212440
212696
212793
213150
213389
215699
216323
216439
44393
394745
4571
24
262194
131127
262202
393294
393330
125
262273
160
131235
262318
131291
262378
278
262441
262458
262475
262579
262587
262594
262687
262813
262834
262872
131915
263011
394141
394144
394161
964
132072
263260
263295
132245
394434
263553
394646
263611
132566
263807
1742
395040
263997
1880
133012
264100
264126
2003
395266
133187
133234
264404
264470
133398
395555
264516
264565
264570
2590
264764
264800
133771
264923
133864
2830
133936
133950
133968
265044
134026
134041
134119
396300
265308
396388
265369
134346
265435
134371
265483
265485
265688
134687
396930
134832
3790
134928
266037
266308
266345
266357
266361
266364
4243
135375
266475
266539
266616
4546
4673
397934
4767
4769
4776
135852
266975
398065
4868
4901
398143
267161
267298
267319
398419
267369
136462
5438
136515
136533
5504
398721
398808
5639
5666
398969
136841
267956
267973
136975
268054
268081
137016
268160
399306
399338
6134
137239
399449
6306
268473
137406
137426
268528
6389
137495
137510
6556
268707
268712
268737
6597
6620
268779
268815
399924
6718
268910
269164
269183
7091
138209
400454
138311
7247
269461
400555
269499
400587
400719
7514
269698
138627
138678
138823
139005
7941
270346
139281
270426
270458
8416
270855
139909
271080
271181
271287
9165
271315
271425
262367
271794
9678
140896
141056
141190
141193
141204
141253
141280
141324
10297
10455
10599
141750
11139
11174
11245
142317
11271
142370
11367
11472
273658
11562
11609
273810
11696
11939
12208
12334
12346
12403
12431
12980
13006
13065
13303
13448
13588
13591
13729
13971
14086
14155
14163
14187
14210
14343
14430
14536
14576
14828
15301
15347
15419
15735
15753
15955
16371
16399
263779
16796
17003
17130
17400
17623
17941
18018
18041
18065
18092
18103
149359
149409
18422
18474
19218
19228
150329
19324
19383
19397
19512
19738
19773
151006
151080
20029
20255
20347
20412
20514
20592
20596
20742
20850
11274
21509
21554
21646
21832
21965
22080
22135
22362
22663
22717
22775
22869
23036
23136
23848
23860
24213
24247
24282
24303
24331
24337
24373
24532
24645
24750
25094
25625
25627
25651
25687
25795
26057
26211
26462
26617
26914
26931
27015
27204
27385
27729
27768
27792
27895
27955
27987
27994
28075
28227
28255
28509
396480
28753
28878
28959
29031
29066
29071
29512
29545
30175
30303
30447
30524
30666
30725
30813
30986
31221
31381
31423
31923
31972
32461
33274
33717
33932
34042
34241
34337
34837
34891
35005
35063
7000
35365
35378
35512
35579
35645
36198
36412
36710
37154
37223
37406
37452
137704
37714
38064
38565
38778
38891
39130
39330
39391
39478
40029
40111
40185
40449
40459
40470
40551
40841
41032
41291
41336
41356
41477
41627
41796
41841
41930
42097
42253
42266
42374
42458
42516
42547
42669
42705
42723
42892
42968
43060
43128
43253
43359
43395
43568
43625
44158
44219
44381
44478
44482
44602
44664
44755
44827
45043
45118
45179
45240
45326
45642
45667
45718
45785
45786
45974
46160
46313
46446
46454
46742
46746
47002
47213
47301
47311
47790
47962
48108
48145
48157
48428
48434
48557
48582
48614
48716
49200
49300
49327
49377
49683
50069
50148
50156
50333
50357
50369
50604
50670
50818
50916
50981
51300
51394
51551
52003
52142
52286
52465
52584
52611
52752
52778
52917
53571
53596
53699
53850
53988
54133
54201
54593
54890
54934
55429
55651
55653
55690
55769
55884
56028
56147
56229
56272
56430
56592
56983
57101
57168
57233
57263
57404
57530
57619
57645
57660
57780
57918
58212
58334
58485
58645
58664
58666
58765
58826
59019
59139
59165
59185
59415
59441
59451
59504
59636
59780
59812
60018
60134
60142
60341
60624
60673
60720
60781
60860
61145
61371
61378
61397
61448
61521
61731
61754
61827
61854
61960
62201
62728
62731
62958
63139
63290
63528
63878
63897
64089
64118
327732
327805
196858
196924
196927
328154
328160
328198
197146
197181
328271
197201
197218
197375
197431
197447
197460
197501
197535
328622
328722
328766
197701
328780
328797
328843
328867
197892
328977
197936
197956
329184
198167
329248
198213
198301
198349
198423
198518
198826
198921
198948
199201
199286
199391
199439
199491
199715
199732
199881
199961
200094
200485
200680
200918
201314
201499
201754
201908
201942
202006
202042
202081
202246
202328
202744
202839
203038
203212
203389
203628
203735
203754
203828
203917
203924
203977
204086
204444
204587
204916
205111
205146
205160
205513
205581
205608
205790
206216
206579
206723
206805
207349
207488
207912
208070
208091
208103
208126
208171
208339
208453
208566
208590
208627
208800
208941
208960
209328
209817
209825
209915
210014
210055
210169
210442
210477
210788
211090
211452
211613
211995
212250
212665
213122
215128
215219
215417
215553
19050
47479
4600
1030
4
29
46
262199
262237
206
262416
393507
131421
131447
131455
393731
262714
262715
262724
131746
131758
715
721
262869
262873
262896
131925
263008
263019
131996
931
949
132077
263167
263258
394353
394453
263382
1261
132399
132449
263557
263567
263599
132537
132556
263648
263668
263689
132637
263781
132722
394869
263879
394973
132839
263947
263950
132881
132901
132933
264010
395092
264022
264049
264051
264054
264169
133122
264247
133201
133219
264348
395425
264384
133337
133399
264513
133448
133543
395747
395748
133606
2535
133623
2571
2615
264827
264886
264899
395971
264906
264920
133993
134014
265137
134066
265201
396410
265348
3233
3244
134331
265432
265561
265605
134630
265705
134640
3585
3685
265904
134840
265969
397041
3851
134932
266002
3900
3912
266082
3955
135081
266160
266196
397325
266275
266298
135232
266341
135345
135357
397554
135419
135477
266619
397735
266702
135686
4670
266853
4723
397945
135814
397990
397994
398037
398041
136072
5006
5033
267217
136166
267267
398355
267389
267407
398493
136360
136374
136400
398563
398570
267507
5387
267563
136493
136514
267586
136523
398668
398699
5537
5555
5588
398833
136696
5715
5760
267961
268002
268011
137109
268209
399279
137166
137184
399331
268424
268430
137388
268465
268469
268490
268496
268505
6372
6373
268537
399678
6468
6596
268764
6640
268921
400011
268959
269004
269046
269076
400190
269159
138119
7054
138130
269211
269292
138276
7226
269386
400464
138346
400618
7418
400679
7468
269616
269713
138654
269822
7726
7734
7753
269918
7828
139037
8018
270244
270253
139195
270273
270365
270374
270441
8326
139425
139456
139466
8431
270595
8522
270704
8601
270792
270938
139873
270959
8856
8865
139982
139989
271076
271092
8970
271237
9244
9287
140442
140470
271559
9433
9443
9466
140866
9891
10036
141145
141254
10411
10587
10655
272809
141746
10690
272836
10718
10750
272978
273000
141968
141985
10971
142116
11086
142308
11255
142375
11452
11514
11605
11608
11734
11745
11775
11817
11857
11915
11930
11966
12152
12303
12362
12548
12926
12946
13128
13156
13446
13522
13628
13692
13750
13857
13860
13938
14110
14291
14398
14525
14746
14821
15038
15129
15188
15224
3043
15533
15644
15765
15814
146902
15919
15960
147089
147155
16178
16323
16322
16567
16582
16669
16751
16803
16815
16863
16875
17151
17197
17802
17809
17817
17885
17940
18206
18209
18214
18365
18428
18540
18592
149704
18678
18840
18966
19021
19224
19254
150345
19305
19310
19368
19377
19380
19404
19504
19611
150692
150744
19693
19796
19820
19863
19886
19920
19936
20042
151191
20355
20385
151567
20510
151645
20661
20875
20919
21003
152131
21150
21217
21274
21581
21641
21758
21981
22056
22062
22075
22179
22192
22208
22284
22438
22598
22611
22690
22808
22898
23308
23465
23600
23763
23954
23991
24012
24085
24109
24121
24130
24278
24398
24406
24409
24435
24459
24523
24626
24634
24717
24751
24958
25108
25124
25163
25215
25250
395831
25474
25504
25543
25637
25660
25715
25787
25896
25951
26152
26277
26347
26375
26619
26654
26704
26793
26881
26968
27011
27405
27501
27659
27735
27759
27839
27978
28022
28148
28249
28265
28273
28279
28366
28546
28591
28613
28623
28631
28857
136052
29399
29757
29844
30082
30148
30372
30633
30779
30893
30922
30962
30985
30992
31121
31276
31362
31404
31505
31807
32058
266915
32222
32354
32522
32524
32558
32798
32864
32872
32913
33001
33083
33164
33383
33616
33666
34120
34259
34470
34629
34832
35030
35064
35132
35191
35263
7034
35420
35444
35508
35518
35802
35816
35937
36306
36315
36329
36394
36436
36444
137575
36819
36915
37090
37280
37340
37347
37371
37387
37521
37663
38026
38200
38229
38280
7656
38738
38851
38932
39039
39112
39324
39551
39599
39678
39816
39823
39864
40300
40382
40391
40731
41108
41176
41247
41297
41303
41745
41835
42038
42039
42139
42216
42244
262195
42598
42600
42728
42914
42926
8563
43598
43608
43700
43928
44053
44172
44206
44421
44493
44521
44549
44786
44816
45018
45166
45184
45328
45355
45361
45396
45415
45475
45510
45538
45725
45806
45815
45845
269668
46513
46606
46749
46962
47133
47168
47252
47267
47388
47755
47777
47900
47917
47952
48067
48176
48259
48435
48480
48533
48650
48685
48712
48777
48804
48989
49250
49468
49477
49571
49761
49825
50012
50031
50292
50311
50314
50487
50515
50786
50886
50926
50947
50989
51216
51224
51309
51659
51742
51859
51957
52228
52234
52304
52327
52341
52507
52547
52583
52685
52719
52781
52843
52937
52967
52968
53017
53094
53132
53135
53223
53316
53550
53703
53831
53973
54036
54044
54293
54312
54364
54434
54620
54746
54855
55158
10965
55216
55286
55353
55381
55492
55819
55822
55878
55992
56186
56201
56268
56340
56347
56388
56484
56583
56639
56668
56740
56828
57031
57239
57503
57586
57588
57896
57898
57974
57982
58461
58906
59102
59572
59702
60042
60119
60713
60729
60757
60849
60884
61112
61149
61272
61441
61449
61609
61646
61744
61942
61944
61998
62051
62086
62313
62328
62809
62831
63018
63186
63210
63375
63402
64095
64103
64139
64294
273339
327707
196674
327885
196863
196945
196975
196987
197336
197394
328521
328528
328652
197672
197678
197682
197686
197724
328840
197869
197882
328993
329029
198000
198095
329215
198203
198251
198277
329391
198374
198389
198434
198510
198580
198604
198785
198884
198912
199188
199230
199231
199235
199339
199390
200154
200182
200334
200533
200750
200851
200964
201035
201036
201178
201342
201603
201641
201702
201725
201749
202162
202281
202472
202623
202664
203008
203020
203061
203222
203356
203475
203572
203593
203649
203706
203848
204082
204094
204263
204745
204903
205019
205375
205392
205485
205544
205553
205820
206282
206361
206401
206478
206581
206628
206674
206758
206762
206957
206980
207249
207532
207574
207609
207684
207967
207986
208046
208331
208417
208489
208592
138546
208785
208986
209062
209106
209108
209201
209208
209275
209347
209516
209608
209737
209894
210847
210873
210966
211186
211528
211752
211901
212186
212566
212692
213111
213220
215366
215561
216010
216053
18007
745
2665
30340
35889
9950
393241
34
55
262218
262234
393303
262249
111
122
393340
393415
249
131322
270
262426
262456
262509
131438
262569
262570
393670
262600
393681
262617
262688
131627
262754
262756
393853
131717
131745
131767
262841
131769
262916
394015
262989
263004
394085
263022
263033
394122
132021
132022
394229
263164
1025
132115
263210
263262
132198
394345
394380
1204
263384
1256
132347
263424
132366
263446
263457
1341
263519
394609
263539
132471
263546
263589
394695
263631
132588
132599
132615
132653
394814
1605
263756
394828
132692
263817
132754
132787
132799
394957
394984
263936
263941
263953
395029
263959
132898
264002
264031
132976
395148
395176
264119
133073
264161
133144
133192
395348
264274
264289
395366
264355
133301
395487
264417
264422
264486
264509
264510
395598
133495
264590
133593
133674
264758
395848
2631
264814
133752
2682
395915
264881
395954
264900
133880
396026
133905
133918
264991
133948
133957
134033
134146
396291
265239
265256
265278
134232
265319
396420
3239
265400
265407
265426
134375
265457
265524
3450
134534
265627
265704
134643
134673
265777
396871
134774
396921
134788
265867
396955
134863
397048
134922
134967
3908
3917
3918
397138
266092
266100
266178
135139
266243
135183
397336
397353
135277
266371
266487
266505
266561
266610
135542
397715
4544
4549
397781
266757
135724
135735
266841
266878
135810
4758
4765
4771
266932
4833
4867
267038
267079
267101
267113
136055
398198
267146
1003
136121
136131
5065
5080
267236
398324
267274
136209
136215
267390
267503
136480
267550
267578
267627
267637
267641
267668
267797
5661
136759
136785
5723
267882
267936
267944
136879
268024
268089
268113
399206
399242
268196
137127
137160
268334
268337
137267
137310
6250
268467
399541
137399
268483
137432
6368
6405
6428
268584
137532
268636
268657
6566
268716
399820
137681
137735
268809
399899
268858
268886
6782
268941
137904
268982
269060
137989
138024
6984
138093
269172
138109
138115
269245
269258
7138
269322
7203
269420
400506
7297
269484
7393
269563
400662
138536
7521
7533
269678
138629
400771
138640
7602
7616
7629
7654
400919
7743
7754
138839
138854
138860
138871
138876
7806
7810
269965
7867
7876
270119
139138
270256
8116
270282
270331
139288
270385
270421
270465
8336
8371
8375
139446
8393
8523
8542
270689
139619
8553
270721
270722
270751
139719
270896
139841
8798
139977
139981
139983
271060
271067
271074
271148
271185
140174
271265
140214
271321
9232
9241
271395
9290
9294
262369
9326
271494
140429
9367
271532
271612
140595
9526
271700
271773
271791
9694
9794
9809
271984
9842
140970
9915
272063
9922
141013
9946
141098
141216
10146
141226
10358
10367
141466
10461
272740
272747
272806
141734
141760
10704
272848
10747
10755
10857
141987
10982
11013
11030
11049
273391
142331
142347
273421
142360
142373
142401
11333
11396
11417
11475
11519
142594
11621
273813
273818
11685
11757
11831
11852
11870
11878
11994
12007
12097
12119
12130
12132
12145
12233
12445
12662
12754
12833
12990
13126
13480
13499
13511
13581
13745
13746
13781
13790
13845
13886
133041
14043
14136
14374
14413
14543
14579
14602
14642
14813
14939
15035
15107
15165
15278
15317
15346
15397
15577
15612
15974
16037
147185
147224
16158
16236
16245
16466
16557
16583
16617
16633
16645
16668
16693
16698
16717
16728
16761
16807
16842
16866
16874
16876
148000
16942
17310
394218
17348
17381
17435
17622
17717
17814
17887
17888
17895
17981
18024
18207
18353
18424
18465
149600
18541
18608
149720
18656
18671
149781
18723
18787
18874
18897
150106
19092
150172
19115
150196
19174
19200
19422
19428
19510
19566
19602
19661
19701
150774
19780
19871
19881
20015
20148
151354
20381
20590
20670
20848
20868
20870
21064
21158
21226
21244
21293
152389
152464
21529
21547
21595
21612
21622
21660
21805
21866
22024
22103
22317
4446
22414
22593
22637
22653
22667
22674
22747
22819
22860
22894
23088
23118
23172
23188
23528
23700
23962
24016
24038
24084
24212
24222
24232
24441
24471
24530
24757
24926
25231
25488
25655
25667
25717
25720
25799
25816
25829
25909
25921
25940
25997
26001
26063
26097
26134
26141
26167
26178
26198
26271
26292
26328
26367
26476
26577
26585
26650
26662
26721
26762
26848
26940
27232
27325
27336
27370
27377
27447
27477
27543
27602
27747
27751
27813
27817
27833
27976
27984
28065
28159
28246
28248
28330
28432
28492
28502
28539
28572
28653
28690
28787
29196
29231
29432
29456
29596
29600
29646
29667
29848
29888
29954
29960
29979
29997
30094
30109
30165
30257
30263
30320
30432
30437
30612
30689
30729
30798
30870
30892
30967
31065
136463
31893
31914
32067
32110
32312
32338
32365
32391
32402
32413
32595
32701
32906
33058
33097
33333
33459
33561
33695
33838
34144
34376
267375
34540
34573
34702
34740
34931
35189
35489
35602
35695
35701
35900
36007
36068
36112
36249
36253
36324
36408
36644
36728
36847
36923
37109
37182
37411
37425
37440
37463
37531
37577
37582
37661
37677
37688
37722
37900
38081
38146
38244
38296
38493
38498
38562
38781
38881
39067
39133
39279
39311
39360
39401
39489
39533
39787
39824
39886
40021
40076
40181
40393
40410
40584
40620
40749
40764
40773
40833
40885
40916
40983
41305
41319
41369
41460
41616
41634
41685
41704
41740
41904
41925
41935
42094
42128
42160
42180
42207
42237
42261
42298
42423
42475
42495
42558
42962
42973
42986
43048
43197
43281
43299
43314
43853
44123
44194
44265
44313
44473
44626
44869
45110
45317
45325
45455
45530
45625
45663
45679
45766
45809
45887
46031
46093
46186
46340
46577
46646
46650
46667
46672
46744
46783
46790
46832
46864
46886
46926
46964
46994
47323
47524
47740
47768
47860
47875
47902
48229
48254
48350
48505
48507
48626
48670
48876
48951
49169
49638
49813
49855
49863
49923
50017
50166
50188
50261
50365
50446
50466
50471
50576
50577
50873
50919
51044
51172
51392
51596
51606
51815
51903
51950
52173
52224
52232
52275
52412
52423
52432
52494
52556
52560
52620
52654
52682
52858
52875
52898
52950
52952
52960
53080
53134
53205
53219
53230
53285
53508
53533
53706
53740
53741
53758
53959
53985
54107
54128
54334
54650
54652
54681
54900
54932
54963
54985
55009
55043
55066
55106
55264
55392
55670
55811
55839
55947
56006
56041
56140
56270
56309
56339
56386
56401
56468
56485
56737
56741
56851
56945
57022
57179
57196
57388
57476
57573
57843
57916
58055
58123
58175
58487
58495
58536
58640
58668
58744
58768
58820
59078
59093
59116
59273
59282
59508
59560
59620
59642
142135
59909
60245
60283
60354
60514
60527
60589
60636
60651
60707
60816
60819
60879
60890
61026
61107
61372
61493
61642
61752
61795
61934
61945
62013
62067
62179
62386
62442
62532
62631
62698
62738
62886
28550
62915
63027
63060
63800
63801
64078
64104
64238
64267
64273
327738
327786
196755
196890
327981
196949
328043
328089
328162
328344
328469
197400
328479
328527
328615
197816
197840
328950
328987
328991
329024
329057
198073
329211
329246
198235
198351
198430
198431
198479
198577
198655
198691
198710
198818
198945
199091
199274
199378
199494
199842
199877
199980
200001
200088
200165
200271
200302
200574
200602
200775
200797
201091
201169
201188
201341
201434
201453
201471
201511
201589
201612
201826
201953
201983
202253
202279
273759
202353
202393
202543
202636
202746
202894
202917
203148
203215
203348
203446
203483
203493
203689
203759
204006
204025
204523
204540
204546
204568
204573
204648
204650
204818
204873
204890
205016
205139
205157
205201
205313
205332
205363
205430
205447
205714
205926
206052
206407
206454
206576
206589
206747
206818
207036
207104
207252
207739
207767
207876
208145
208164
208227
208258
208324
208374
208398
208457
208597
208732
208817
209372
209588
209622
210079
210147
210224
210314
211156
211174
211397
211999
212097
212271
212374
212522
212630
212908
212994
213110
213176
213230
213291
215540
215904
216366
151396
893
35788
29061
23575
52005
8
12
393233
20
26
262187
393262
262231
100
262256
262262
393339
131210
262296
131227
156
393434
393445
262374
393460
262408
393490
393524
262473
131442
131465
262581
262593
393667
262615
131599
131607
131636
393780
393796
262737
393818
262767
262772
262781
131711
393856
393892
393895
262830
131781
394012
131910
131912
394080
131973
131976
912
394140
263109
969
394195
263127
996
263165
263181
1040
1050
394280
132137
394284
394334
263287
394381
263335
132300
263373
132323
132329
263413
263435
132369
263451
132384
263464
263474
132414
132418
394563
263496
132435
132436
263527
394601
1399
1436
394651
132513
263601
132531
263624
132563
394708
394729
263686
394770
132649
394851
263792
263795
132730
263824
394901
263834
1746
263912
1785
263940
1842
132923
132935
395110
264079
264096
264106
395189
1982
264137
395247
395279
395368
264308
133287
395439
133299
395441
264385
395471
133360
395500
264439
264485
395559
395565
264514
395610
264566
395681
264619
264637
264646
133594
2532
2534
264681
2552
133685
264759
395839
264780
395856
264788
264797
264798
264806
264815
264820
264838
264879
395973
133861
396002
264938
264948
396021
264972
396073
265046
134001
134012
134021
396190
265141
134088
396269
134138
265230
265246
134177
265263
396362
265322
3188
396437
396450
134341
396499
265438
265440
3295
265447
3313
265463
3359
265509
265540
134468
265550
265559
134497
265611
265620
134562
265656
265662
134655
3598
265743
265757
396842
3624
265778
3640
396856
265816
265855
265891
3755
265914
3778
134868
3800
265953
265954
397027
134885
3836
134910
265985
134963
266039
266044
134990
266069
266087
266093
266141
266163
266168
397244
135110
135133
266215
266250
4130
266280
135239
135244
266317
135247
135253
4196
266339
4249
135341
266415
397497
266446
4314
397550
266489
135439
135476
397635
135553
135572
135582
135589
397751
397787
266732
4589
135697
266777
4638
135722
4668
135766
266850
397952
4770
135847
135848
266938
4797
266942
267002
267023
4882
267027
398107
135964
267061
4917
267081
136039
4977
398194
136054
5008
267175
136173
136202
267277
267281
136224
136244
136265
131296
136306
136312
267383
267410
267411
398479
136336
267418
267424
267506
267538
267568
5468
267629
398710
267646
398771
267700
267705
136654
267749
267784
398866
267798
136733
398878
267818
267833
5696
398913
5719
398947
5774
267950
136880
399035
267971
399049
267979
399078
136946
399143
137000
268076
399220
137090
6062
399275
6072
6075
6099
268248
6118
268268
6127
268288
268305
268308
268362
137331
6256
137334
399504
137363
268438
268452
268477
137445
6379
6419
137544
268617
137561
268640
268655
399772
137645
137651
399804
268738
137678
268762
399853
399856
399868
268805
137758
268828
6704
399937
137811
6786
400030
268961
6823
400039
6873
137955
6882
269028
269030
269050
400136
400146
6949
138040
6979
269127
7005
269157
138107
138112
138123
269206
138152
269228
269244
138192
269283
7148
269300
400402
269333
138277
7243
7246
269405
138339
138362
269432
400516
400529
138421
269497
269527
400666
400671
269611
138594
138607
138623
269704
7565
269730
138663
269749
7610
269804
269819
138829
7768
7838
138926
270035
270068
139006
139011
7973
270279
8149
270309
270327
270409
270428
139382
139415
139417
8351
270511
139449
139460
139464
270538
131928
139482
270563
8423
8441
8444
270593
8458
8484
139560
270652
8569
270750
8659
8685
270840
270865
270881
139811
270885
139820
270910
8774
139853
139870
139879
270956
270966
139896
270972
8848
8901
271063
139993
139997
271084
271108
271165
9039
140121
9053
140132
271211
271215
271217
271320
271326
9188
271345
9205
271360
9229
271378
9251
271452
271462
271503
9357
271554
271564
271616
271627
9484
9502
140659
140726
140731
271842
271907
9814
9823
9835
9858
272004
140942
9917
9976
141049
272122
262500
141073
10013
141082
10049
10052
141123
141130
141140
141174
272266
141202
10225
141322
141329
10264
10269
10278
272449
10349
10376
10397
272559
272561
141492
141501
10457
141536
272624
272691
10561
141645
141682
10617
141711
10692
10695
10717
272882
10745
10754
141846
10806
272979
141922
141966
273045
273103
273133
11042
11067
11097
11160
11188
11195
142267
11207
273357
142299
11227
11279
11300
142381
142394
11353
11369
142451
142453
11409
11437
11483
273650
11525
273714
273740
11598
273744
11620
11716
11727
11733
11746
11766
11773
11840
11847
11872
11892
11910
11956
11960
11995
12077
12105
12133
12150
12178
12187
12217
12229
12315
12348
12365
12444
12486
12551
12620
12686
12789
12997
13014
13091
13092
13193
13354
13379
13458
13462
13474
13607
13720
13783
13849
13972
13994
14042
14085
14131
14188
263337
14360
14381
14410
14434
14477
14499
14589
14652
14669
14701
14721
14725
14862
14866
14890
14898
14899
14956
14962
14990
15008
15102
15221
15234
15248
15468
15725
15768
393914
15880
15969
15989
15995
147072
147087
147097
147131
16154
16283
16297
16527
16560
16568
16599
394073
16677
16719
394105
16805
16833
16838
16871
16906
16940
16960
3371
16990
17014
17049
17149
17161
17185
17209
17274
17317
17385
17425
17428
17436
17538
17667
17732
17747
17825
17841
17884
394330
17911
17916
18159
18182
18186
18190
18196
149322
18258
149440
18419
18516
18526
18563
18564
18590
18602
149707
18674
149749
18718
149876
18865
18875
18895
149981
18934
19031
19045
19065
19112
19170
19214
19222
19233
19281
19311
19342
394620
150447
150450
150466
19416
19443
150552
19605
19622
150755
19704
19723
19755
19797
19806
19808
19830
19864
19950
20053
20069
20075
20100
20127
151210
20187
20252
151372
20311
20338
20384
20478
151590
20545
20618
20665
20776
20830
20846
20889
20902
20942
152107
152156
21107
21151
21332
21378
21395
21487
21537
21558
21639
21699
21763
21774
21789
21837
21838
21874
21922
21964
21980
21982
22002
22077
22098
22104
22116
22130
22168
22268
22330
22347
22444
22489
22573
22683
22688
22744
22781
22804
22809
22990
23004
23047
23059
23155
23225
23247
23260
23268
23393
23442
23599
23642
23650
23756
23767
23775
23836
23948
24126
24205
24389
24444
265401
24722
24740
24823
24832
24848
24852
24872
24877
24909
24945
25096
25206
25354
25431
25465
25466
25515
25576
25649
25653
25671
25673
25689
25740
25755
25841
25878
25888
25932
25935
25938
25955
25961
25969
26034
26058
26114
26118
26121
26151
26241
26362
26461
26478
26517
26593
26651
26685
26709
26716
26778
26785
26795
26831
26835
26854
26876
26955
26962
27006
27153
27176
27240
27292
27321
27555
27632
27656
27879
27975
28006
28009
28073
28099
28110
28160
28264
28267
28277
28295
28296
28304
28323
28328
396421
396432
28511
28595
28596
28626
28661
28789
28812
28909
29033
29037
29114
29207
29245
29298
29301
29304
29420
29522
29547
29709
29852
29866
29889
29900
29970
30048
30060
30066
30121
30221
30264
30367
30418
30619
6086
30676
31108
31241
31357
31391
31394
31495
31566
31577
136552
31695
31758
31783
31798
31902
31997
32003
32034
32083
32109
32225
32278
32334
32360
32372
32382
32389
32397
32432
32473
32578
32681
32837
33031
33045
33055
33152
33288
33309
33371
33392
33452
33470
33481
33501
33512
33635
33647
33675
33692
33742
33788
33802
33871
33925
33973
34146
34190
34372
34385
34601
34619
34835
34946
34985
35019
35041
35067
35086
35112
35174
35315
35401
35471
35492
35673
35779
35815
35865
35891
35923
35953
36026
36032
36054
36100
36180
36231
36290
36454
36473
36483
36555
36562
36610
36678
36698
36791
36813
36911
36930
36948
36955
36958
36962
36983
37008
37030
37190
37222
37269
37298
37309
37381
37398
37472
37578
37629
37638
37649
37668
38000
38017
38029
38058
38074
38143
38204
38209
38260
38437
38500
38527
38571
38614
38735
38750
38764
38783
38934
38981
39056
39074
39116
39125
39151
39176
39271
39337
39394
39476
39513
39671
39716
39728
39756
39766
39812
39845
39852
39871
39918
39944
39957
39979
39984
40015
40151
40154
40224
40262
40276
40285
40356
40371
40413
40417
40443
40444
40460
40468
40501
40593
40695
40735
40763
40800
40861
41019
41023
41097
41124
41285
41307
41311
41388
41430
41454
41458
41522
41557
41656
41707
41714
41741
41789
41794
41853
42031
42066
42100
42119
42154
42187
42194
42220
42248
42300
42431
42451
42478
42513
42514
42552
42596
27744
42667
42808
42856
42925
42988
43102
43191
43247
43251
43330
43386
43424
43502
43893
43976
44033
44071
44094
44151
44222
44239
44266
44534
44558
44597
44620
44653
44746
44784
44895
44941
44963
44976
45050
45062
45144
45178
45246
45272
45293
45312
45433
45495
45596
45661
45775
45854
45867
46024
46026
46110
46262
46379
46401
46436
46453
46518
46621
46754
46784
46903
46917
47018
47171
47202
47297
47328
47400
47443
47453
47613
47656
47679
47684
47724
47748
47754
47809
47870
47969
48053
48112
48115
48172
48252
48312
48323
48327
48328
48407
48475
48551
48690
48724
48757
48894
48966
49040
49192
49268
49370
49395
49402
49451
49460
49484
49488
49515
49677
49737
49759
50104
50158
50270
50338
50377
54104
50427
50468
50475
50553
50630
50638
270594
50738
50771
50941
51004
51007
51086
51110
51148
51213
51290
