6939
24482
49544
174
3356
39120
199524
1239
1828
35280
271253
37721
6057
51185
212483
137409
263152
23106
15830
61568
47787
41327
42473
25091
41047
3257
6461
34224
267613
917
39351
1299
13237
37468
7018
36351
4455
9002
35598
34927
18106
28624
12779
3216
63927
52873
28634
38880
25160
53070
8220
52320
5405
29075
20764
8298
37100
33891
60503
34019
34549
263237
28917
16552
34288
48362
12552
6233
50629
45352
14061
58299
48919
47957
24961
286
5713
34177
14537
2914
14630
15605
3214
49605
56987
59890
20932
41095
57406
15547
41805
20485
42541
47147
4826
8218
58057
7713
14907
51184
7575
58511
25220
8758
13335
559
945
9304
328832
1267
8447
20562
3303
701
39122
12389
29140
59605
62167
6424
50304
9498
8283
64475
12859
50300
199938
198385
35360
12969
8966
12637
1103
50673
47692
48858
9044
398465
15435
13760
9902
57695
46887
553
17639
32787
31510
264479
8359
396998
205112
140627
16735
210937
35710
1764
3333
1140
8426
49420
13030
21412
213151
4181
1031
209
206356
7195
13194
20473
8309
200780
51873
49673
31133
3399
4755
53828
3741
8896
5398
136557
132337
31025
4764
60068
50763
293
3491
28792
31742
28716
3549
56655
24516
48070
4637
62275
2119
41811
35266
9505
3320
23764
24724
51088
4608
15576
12741
15412
13786
38001
41722
58453
207841
6762
8455
8560
6453
2603
35320
3170
41666
4766
4230
23673
57304
47160
9930
9049
32437
32653
30844
37680
2027
327983
4657
14840
329035
140984
202365
50607
58952
6774
22773
63956
327804
132847
50628
35600
135607
37239
22652
852
19551
50877
6667
8708
20940
205206
29479
20495
148968
327960
151420
6894
20912
31019
394256
21859
46450
328512
199181
202032
57111
20804
35426
3786
52468
9318
328266
36236
49434
58717
3223
8881
22356
59105
9009
19151
55720
7545
201054
40994
328474
23947
262589
9299
58308
60171
49709
3326
4775
6777
53087
7029
29535
30781
53062
680
28283
4800
59919
204092
328320
23367
42
7594
16509
32934
54994
8660
15169
212828
35369
37271
40934
136106
15133
7049
5511
61832
6830
29119
29838
16265
44103
9050
2906
16276
37662
55256
35297
31500
31027
4788
132825
10310
54113
2497
135895
9583
54004
1680
20115
57344
52025
1820
396986
8315
10429
13150
24429
4761
34800
714
23473
4134
2516
5645
3130
15695
9121
12912
17557
17676
3255
8717
2613
8075
32590
49102
1257
18403
57976
1221
7660
8551
6663
53013
42708
577
29076
33438
8674
7342
29226
5617
6327
12874
12350
2635
136907
15943
20055
2686
6507
1273
6079
3856
132203
8732
6696
7473
12400
29504
25152
30081
39386
31898
33353
54825
62081
29691
5392
150369
29396
139341
264409
45758
8400
29222
35805
4229
50509
2854
8888
31042
45474
2500
138915
55685
12578
35625
1403
5606
8953
45102
4651
263009
8764
21574
29802
34984
8866
12956
39737
8262
33491
62955
2856
132876
201706
139057
138840
13414
15694
11039
22697
36692
55410
7474
25369
9381
24940
7303
45147
46489
22822
61292
5603
29049
8289
702
6730
8529
15802
62044
44444
15623
21700
2381
8641
11432
812
5650
24785
9119
50263
29680
56630
201053
5413
399580
40627
3327
8452
196925
12615
28329
14593
30103
34772
199995
63199
8767
45820
51519
29208
12302
21351
38158
62240
17378
34655
36924
45430
13213
19653
39063
63949
139009
45489
59692
3269
8473
17494
36994
45899
64313
12307
20253
35753
211826
1547
6204
21232
26415
59414
394354
12883
6720
8932
9145
2852
16637
24889
32098
63399
28598
64049
2518
10217
20080
31529
53766
7922
56665
17727
5394
9658
196844
199599
7717
10796
13536
47605
203724
63859
64289
38193
41313
55655
15895
19679
20612
21949
7015
12713
28725
43350
206264
13285
35000
24527
25818
60230
8422
9875
13249
23576
24875
43727
3292
12963
38516
49981
200970
10122
12695
13649
29687
34170
38182
50581
8302
9730
39582
48200
8308
40850
45701
6866
8860
13768
37613
45437
1248
135391
35432
29169
31638
52551
61955
200612
1241
133815
3209
5578
10099
18001
19711
29632
52361
42649
8368
8637
33651
59886
132164
29030
11164
11404
18059
29467
31490
15557
41051
58821
198949
206735
209150
212508
2828
3920
8304
10075
21013
21497
44017
44901
55329
57634
2152
265038
3215
13101
24204
31122
58682
60202
202053
16347
26667
35574
44356
49800
61135
7738
23520
43996
59796
202129
6661
13002
18881
31298
47447
8757
13172
15958
34779
39180
60602
262494
33763
53334
57821
61317
6206
12297
61218
11019
12684
21263
34577
44600
49849
13896
22927
24088
44796
49600
59318
42446
62713
197981
207594
396356
8544
12759
15164
16097
17886
30889
197440
12301
35008
44684
48821
62856
906
2018
6677
9266
23344
23944
43289
58115
8369
20647
28663
53180
57866
61157
5466
9228
35793
40676
50316
60022
1836
139428
9136
21245
31449
36944
44735
60822
21473
49127
51468
8365
11427
38195
41913
137316
16344
20773
50245
58552
198930
204281
12200
12440
23005
37009
263903
13445
25192
33667
41692
53427
56911
59891
7552
42947
44306
46786
48173
55805
55836
59624
62597
131314
141596
12491
20278
33132
34854
42385
140443
12189
20911
25394
34953
58715
112
983
9036
28008
205148
5400
8632
17922
150921
20847
21409
34872
41998
48519
62715
6697
139963
9031
12414
15924
21320
21385
42841
60294
328748
206499
12843
34347
39642
41820
47734
2484
5416
12850
31477
42184
64073
2611
269096
8821
9063
9541
19229
23953
33986
34087
200020
209768
38148
61461
2907
8399
12329
20676
33287
44592
42337
3212
8374
8607
13122
28198
42366
57043
199483
133352
2687
12337
24211
25478
28368
35661
49121
49505
55967
61323
61599
207790
12876
20811
31319
38758
39704
41887
49808
198781
208621
8167
10158
11260
12888
15703
20546
23889
28146
29314
47674
56382
5583
12654
48635
52925
52965
59689
8487
9123
12731
13984
14340
34428
45903
48314
50522
56704
1126
8859
12355
17451
18229
20001
35179
37054
38522
52075
59655
60476
62041
200781
263444
32244
49453
58807
196922
4382
8657
9125
41960
44066
4713
27281
43142
43566
59865
197078
200052
7979
8926
9150
25509
29505
45296
207063
208389
14127
26615
29405
34309
42831
52771
265175
9605
17450
28788
32035
33657
42755
205275
1853
265269
4837
8839
12306
15447
20459
21413
31287
39591
47626
47794
62
5404
268696
7522
9790
13360
20340
33182
38040
39878
42652
43009
50272
57112
60051
60486
270814
15965
25521
26464
28343
32097
34968
36874
55195
327814
203536
4787
5390
15763
149670
20860
21277
39702
40264
44854
11537
8804
15966
20928
28213
39392
41230
41552
47195
48641
50923
53181
196610
202617
205138
703
4809
7642
12387
17408
150178
31424
44814
60350
64315
328366
198967
199939
200023
205530
7155
24637
34863
37119
38983
42861
43068
200478
262675
5430
8245
10282
10474
11014
12897
16164
20853
24953
29606
31229
42156
43366
48237
203936
208414
1921
7016
8647
20144
28773
33922
37282
39832
42695
43414
61349
198726
131958
1101
8339
139901
12399
12676
29014
39090
39912
42093
47836
49375
57811
206755
207176
210890
213373
4648
5605
25180
28186
31673
37678
39572
44034
55002
57724
58307
202932
203101
206446
5524
11796
28889
29286
29686
37558
39647
50083
50266
59908
60280
198089
198792
200197
209181
3301
6855
7795
8468
21056
35180
47172
49685
49870
50352
59711
60064
197071
201877
207375
12941
24723
28126
28876
31727
35213
35258
40401
199790
213241
8648
10103
16019
42459
46844
11664
209823
6735
399976
8893
9211
12703
12993
15743
23028
31515
41114
48739
49033
50309
60169
202425
6810
8763
8878
12732
13045
15598
21040
25151
36864
39923
42295
50169
50340
197000
204805
262503
2818
8462
9115
12312
13830
15606
30925
39637
43372
50812
51167
57257
60610
203329
203489
210312
7385
9116
12479
12678
31317
33843
43391
43641
50837
51786
11058
57169
62336
199163
205943
207811
3267
9354
12857
43942
45009
45629
47232
48152
51375
52863
328112
199284
205627
3758
7470
9829
12480
12808
15933
20886
25133
31242
34465
34867
42965
44788
56534
3352
5539
9924
15366
29263
34245
41041
42020
42605
42689
50533
56654
59507
61231
196752
198228
208992
2200
137491
8391
13037
15967
20712
20969
31103
31708
50469
51310
58138
200738
201290
201791
202954
207701
208844
210728
202
6876
141731
12129
16298
20857
25374
29056
34788
41405
48293
51865
63113
206892
215792
3252
3330
4621
5409
269194
8445
12470
15704
25560
26554
29017
43298
49653
50020
51050
51483
51978
58291
59675
60098
61333
200596
205769
206141
208431
4004
138322
8681
12357
12625
12693
13009
13767
16353
24730
31800
34756
35709
38082
43623
47215
48399
51945
57537
58243
199670
200185
200924
202766
204995
208367
8918
9022
16205
20205
24916
28748
28919
36182
36868
38757
39326
39396
43037
43531
51043
197915
211633
8680
16082
17995
18734
24586
35228
42707
43205
43467
45014
46055
50858
51752
61244
62105
201401
786
3213
3561
12902
12931
16024
21221
25279
29611
35311
41624
43061
47372
47872
50061
56258
198046
201701
211713
211945
262907
133840
6082
7843
8781
12680
18676
20766
25068
25455
30999
31399
33848
33920
34141
34442
34966
35575
41529
44608
47973
48484
59545
60517
60800
62023
196714
197731
199421
201201
205668
250
262663
8319
9370
12576
12577
16247
31328
36916
47480
50295
51343
51561
55219
202046
210036
212477
2711
3302
5631
6908
8282
8301
9269
17222
150748
25460
39175
39686
56443
62663
64050
197063
197727
204881
6648
8683
13004
19108
20559
25516
28260
30855
31472
35205
35826
41000
43341
49063
49425
49627
50072
53667
56368
58580
60326
60522
513
135069
6805
7500
8879
9198
20686
24594
25376
28760
29527
41289
41354
52554
57575
59395
196954
199275
132602
4808
6717
8540
8849
13208
17665
19009
20799
20849
21336
30766
30827
39202
39560
41090
45117
48305
57455
209045
3300
4780
8151
8469
8823
9153
12390
12453
20504
21472
25159
25415
25428
28761
30740
31257
34086
34659
39378
46244
49463
62887
197692
201119
201838
201962
206825
211597
600
2519
11351
15510
18283
21267
28693
29006
29404
34270
35699
38719
39521
47638
48101
58273
60345
60979
61124
63293
199713
201225
208016
208034
262462
3204
5503
15766
21161
34066
34895
39839
41690
42611
43530
50823
51531
59437
59900
60793
196968
200768
202020
205678
212795
395505
11172
12488
13039
29141
34368
35729
38915
39356
39498
41107
43190
51847
56329
59659
61098
62365
199659
201512
205388
205881
262355
5459
8530
12494
15817
17088
20677
21559
22616
29419
31631
34119
41033
41275
43407
44314
44858
44973
56990
60670
61215
327782
196879
196881
199775
200070
200735
202282
202596
205175
205520
206067
206347
206483
206813
213052
216071
262761
137831
138128
8587
9957
11179
11426
12886
28676
29624
58224
33363
36086
43140
51409
51553
55821
55850
57356
59778
60255
60672
62163
198736
204109
205975
206626
207995
210893
262847
394625
1916
15894
20783
21476
29081
30600
33668
34746
35437
39537
41378
43256
43323
44965
47138
47998
49183
51055
51809
57653
57793
58323
59933
60868
62227
200062
201277
203582
204264
204598
205892
207044
208189
213307
263073
1136
2116
5089
12322
12496
13367
21030
21099
28979
35399
41495
43013
48303
48605
48945
49158
51159
51324
59811
197898
198290
206934
207083
208802
211393
212027
212655
5482
5607
6834
13054
17072
20633
29452
34624
39208
40999
42344
43519
47631
50489
51265
59455
60377
197637
203851
208636
209400
210226
210627
213050
8752
8851
16086
19754
20640
25899
31034
31200
44974
49088
49415
49823
59110
197790
198570
201126
203421
204558
205741
206530
212263
212341
266931
6423
399647
8038
17762
49910
50023
51823
57118
58010
58272
198018
198440
199335
201261
203568
205479
206775
213054
213094
43754
137367
8595
16316
16376
24679
25081
29668
41798
46562
47065
48284
48927
59439
62217
199452
201213
263966
5500
9507
12360
43404
45796
51402
56418
56701
57353
58007
196695
197965
201776
205389
205614
210062
136255
6789
8412
14868
31029
38016
55824
199716
204316
209326
2860
4515
5483
8100
139742
12025
15594
20681
28801
31216
39602
47272
53991
60439
202661
205771
206295
206924
210083
212109
264997
134823
4058
6849
7311
13058
38022
39156
47720
48294
50889
56478
61337
62943
199481
203372
5410
8492
9886
20792
34758
35834
41379
54415
56444
57154
58226
61423
201764
209110
211882
212567
262476
984
6768
6853
7632
12085
15305
20326
20810
21928
31543
35819
37002
45177
49820
57512
63023
199610
200187
210752
211307
263432
133296
4847
11232
14259
21449
25549
30058
45558
49025
51276
53813
61844
328126
199468
216084
262287
1280
12735
12748
15654
21433
25933
33652
35551
42567
44749
45250
48825
52840
53158
54309
56474
58188
60561
197964
212635
262740
263998
4213
399728
6621
12310
15925
22645
47999
52000
197301
204151
9848
15456
16397
20632
20965
27064
35313
38235
39927
49176
49718
50606
58945
200700
205689
210333
12923
13132
13876
38731
44217
49009
49572
51333
52872
327813
203180
203416
204193
133613
5056
136168
267469
6181
7725
8360
140951
15290
20915
21100
22300
24173
24691
29550
29670
31214
43872
50010
198554
204174
210874
2857
3737
9083
12041
22381
23352
23951
24745
27552
28158
30517
33660
39835
53356
60725
62642
198249
206999
132215
267420
6660
141137
12958
13807
15935
15994
16814
23930
25291
28173
30598
32133
33650
40630
41678
49788
51918
57777
64114
197156
203015
394684
4538
8437
10753
36459
38561
58075
61678
63916
64096
203347
3754
263482
266583
270735
9534
11845
13789
15436
4750
33490
40065
42044
50477
61012
200132
200278
13094
207803
3630
266201
8772
8902
140224
18450
24203
26801
29009
37497
49206
51492
52871
58907
201933
202418
2044
265144
3462
266167
267056
5610
136897
138997
9158
10010
12083
26744
33965
38496
42010
48688
51263
197580
207866
132116
132280
2764
5564
268624
17978
18119
11383
30132
35224
37179
38794
44503
47935
59985
197669
1759
2734
4862
398704
273683
13113
17511
23470
28189
28757
29608
31261
35071
35104
35985
202984
206673
211029
262493
719
264293
133385
264562
3249
399077
12722
15600
23838
32505
41364
45049
48374
49581
61884
62416
327708
197068
198468
206810
262999
264144
3262
4777
8612
11096
20565
20900
21101
24492
24748
25540
28359
29933
35168
37727
38008
42228
45458
47176
48345
49490
57099
58655
137
263099
263276
268200
268235
7679
9584
11280
12290
18978
28590
31117
36062
41695
42004
44964
45896
49367
53115
199095
201650
209505
210756
803
263327
6325
8002
9931
272713
13977
14315
16713
17054
17547
17621
18101
19905
34606
35676
41484
50293
60021
61745
200845
201789
207456
209859
212815
101
835
132770
265061
6758
8001
28258
30722
38230
38623
42346
45305
50050
56308
60426
206324
262505
263047
263702
2588
264996
265377
5385
6772
138089
7459
269783
9808
11492
22925
25248
26827
27693
33662
39875
47548
47869
52444
56595
197133
204059
213035
262532
2486
266233
266525
136744
268689
7782
9120
20836
25577
32425
48011
48648
205254
205638
207310
209650
2647
4258
266409
266445
4842
5769
399668
8968
11272
12586
16218
22911
23089
24951
26677
28220
31564
306
42916
44141
47820
48347
52573
52580
52974
53237
55176
57630
58656
197422
208293
210152
262342
262427
262468
4812
5391
7670
9821
12418
15401
28968
41039
42909
47704
48971
50411
62000
205460
205848
211083
2614
3580
266181
4773
136334
6421
8554
139628
9500
10242
14282
14877
15796
16080
16921
22742
23855
24323
25182
26496
29655
29884
35612
36040
41549
41720
42845
43668
47866
48885
49362
59238
61400
64098
198330
199422
263124
132146
263558
264517
133847
265442
135354
136933
268042
6752
7004
8449
9268
9293
12213
12727
13110
13250
13287
15954
19318
20634
22548
24611
25227
25820
28666
34123
35393
36149
37153
37645
44843
52579
60032
61696
327693
209453
211588
226
394065
263087
132167
268314
268976
137969
269595
8728
10094
21508
23404
24753
24776
25467
26459
27630
28306
28669
35706
40217
50124
51178
52772
53597
53767
59827
60144
62512
203440
204869
44530
393577
262903
263812
264129
264170
2602
4557
6315
137557
11284
12271
13189
14244
15516
151326
24324
25593
31713
29551
31662
33835
39605
39614
42739
44407
47608
48072
48084
48166
51395
52941
53065
53153
53264
53589
55666
198335
212865
265126
397849
140570
9873
10089
141167
10111
10733
11758
12042
12333
12996
17828
20119
24534
27947
28191
29063
30972
32217
34422
34602
35916
37148
39305
43858
46455
50324
50620
50624
50903
51776
52091
52720
55222
55518
61758
64126
202022
202224
202855
205103
209288
211501
213279
10133
131111
262191
262206
262474
262970
262979
263336
395354
264528
7772
7992
8778
271145
9146
9457
9723
13576
20986
22689
23114
30823
31263
33845
38740
39153
39526
39781
41480
41564
44092
48297
49289
50655
51269
57468
57902
59554
59699
59905
62296
203201
204207
212694
212855
262288
132132
3605
4922
5580
137366
6738
7483
9246
9905
11071
11686
23314
24589
25454
28202
28649
29465
31736
34250
44431
45543
47536
48273
51514
51580
53587
55081
56048
61029
61099
61287
61614
63631
199248
202321
206516
208814
81
262428
263880
133159
264598
4628
7529
138699
8047
8723
8985
11403
13489
13999
14609
15693
16128
16524
19332
21309
25435
28604
34471
35717
35758
37204
39409
42000
42929
47121
48522
52817
53038
58011
59622
60595
61200
64213
328411
198352
200184
201675
203932
210897
131219
262352
237
265066
265290
266389
266438
267484
6619
268907
6775
7568
272161
13170
14265
18187
20756
22995
24400
25512
28210
28855
28910
29909
30036
32514
34373
35421
37697
8565
48642
48886
51028
61174
61689
63473
198016
198225
199554
203126
204720
205915
206121
206836
209898
212380
215782
263266
1237
1251
263629
264127
2874
3573
266413
6776
138886
8453
8816
271201
10098
15440
147049
16350
16696
20771
21453
28370
29283
30848
31178
33930
34942
35223
37358
38553
39636
42517
43545
47648
48940
49920
50737
52183
53610
57626
57752
58599
58779
60111
60501
60557
60798
61592
328137
198011
200759
201372
202591
206389
206492
209254
209307
210645
211037
211286
213018
262773
393950
1301
2094
264288
133372
265482
265937
266129
4768
5078
5418
137263
6614
268925
138881
139831
8803
9092
9231
9607
10226
11722
12008
13329
15422
15517
17439
19752
21488
22792
25645
28458
28642
29695
30786
31376
31877
31950
32181
33185
34555
34924
35467
37492
41221
43578
44041
47408
48972
49585
51083
51985
52862
57029
57363
60587
60804
61013
62068
62119
62314
62371
64208
198334
198545
199064
200736
203554
203729
204403
209097
209920
211960
212321
213028
216251
58208
376
766
262988
394437
264120
264564
265147
134176
266094
397423
268503
137991
269115
7539
7617
270340
8470
140096
9371
9908
10030
10490
10674
141898
12826
13046
14230
14928
15398
15433
17477
17660
17709
150436
152144
21219
23671
25358
25375
25400
25956
27715
29001
33154
42455
42927
44000
44020
44902
46261
47217
47689
52630
2153
56786
56953
59930
60299
60456
60475
327956
199116
201746
202096
202140
203223
208444
855
263144
263877
265680
266240
135423
4844
5377
136838
6128
268331
269089
269416
8903
271126
9927
10143
10835
12430
12696
14041
17766
18002
18888
20893
21947
22909
23033
23154
23379
23688
26548
27364
29518
29605
30456
31115
31313
34572
34727
35032
37529
37738
38278
40220
41160
44134
44477
45295
48213
48596
48918
49584
49666
51326
51569
52890
63981
196997
197033
197551
198239
198890
199125
199624
200350
200462
203547
204631
204661
204911
206002
206568
206616
208976
211041
211978
212424
215596
3112
668
263250
263661
264162
264329
264943
3329
265933
267470
5378
5467
5518
136749
137280
6799
7497
8265
12347
12849
13247
13415
15962
20021
20141
20924
22302
23550
25019
25184
25447
27647
29182
29424
29449
33659
34554
37035
38090
39104
43201
43284
48422
49489
49915
51430
52531
53005
55944
58067
60772
61895
64444
197662
198622
198721
200950
205344
206874
210715
210821
23686
262417
262659
262785
262808
262901
263324
1653
264556
265022
135025
266152
135158
266269
4760
4779
136119
5408
6846
6922
7604
8251
8796
9100
271387
11114
12182
12555
16839
17924
150220
20552
25563
25581
28135
29278
29438
30041
31514
36947
38220
39444
39764
41653
41872
44512
47302
47864
48326
49983
50782
51942
56030
56038
56504
58280
58678
61633
61680
62014
64445
196749
198471
198551
198651
199562
199662
200043
201333
201602
202870
207439
209323
209528
262317
131267
262706
262821
394177
263151
264215
264216
2110
264525
264592
2688
265036
265171
134196
265330
3238
3250
3701
134835
266197
266416
267464
137182
268267
7162
7296
7862
270358
8387
9297
9341
9680
10954
11776
12597
15692
15836
16302
18200
149290
149513
18530
19024
21396
22355
22987
24641
24663
25598
28225
28768
29104
31430
34578
34879
37349
38442
38965
39020
41191
42291
42760
42908
5488
43833
43843
44334
44513
45204
47531
47764
49100
51758
52747
53102
53240
54329
54527
55039
37061
57642
58430
59378
63928
196621
196810
197473
197492
198951
199811
200249
200553
201866
203969
205801
205919
206087
207351
209022
24631
72
262286
262403
262434
263077
263346
263362
133199
265336
134548
134707
396984
266136
4007
4136
4618
266830
4927
268568
268659
7160
138466
269558
139225
8224
9038
140227
9340
9729
272786
11158
12406
14026
14361
14713
15296
15826
16904
17705
18747
19165
19783
23856
24028
24207
25875
27951
28132
28309
28999
29413
31655
34971
35346
36873
37236
38753
38883
39142
39251
39419
41435
41652
42692
43989
44295
47127
48461
50131
50254
51262
52680
55933
57495
57928
59842
61102
61211
61512
61616
62206
63888
196750
196983
198034
198090
198111
198288
199660
199758
201811
202194
203058
207054
210021
134089
21050
262186
131330
262517
262632
262725
262807
394233
1120
263411
263469
263566
263626
264294
133865
265436
3331
3662
266009
266020
266602
5505
137085
268960
269553
269646
8855
8943
9255
10118
10906
10913
11644
12222
12565
14080
14363
15211
15691
146834
16242
16553
19189
21454
21826
22768
24585
24592
24835
25098
25255
28165
28171
28585
28875
28931
31277
32708
34056
34615
39238
39801
39931
40948
41044
41655
42511
42687
45356
45499
48544
48634
48943
49418
49535
49690
49770
51768
52041
52613
52696
52838
53238
54119
54483
55352
56971
57073
57157
57734
58002
58317
59589
59829
59862
59877
61205
61573
61582
62166
328608
200232
200760
200799
201376
202297
203462
203591
204178
205555
206059
207489
207960
209591
209627
209854
210104
210232
131274
262526
393713
262731
262865
263445
263569
263649
263774
132829
264112
133334
264915
265484
266220
135300
266428
266519
267256
5384
398823
268512
137443
6391
6886
138064
8194
271042
9137
11377
11550
12975
13097
14051
15497
15580
15699
16685
17501
17984
19750
21430
21804
24023
24535
25697
25751
135377
27202
27589
28178
28294
29152
29513
30764
34002
34977
35847
37183
37451
39808
40128
42487
43065
43139
45187
45960
47169
47406
47481
47617
48426
50554
50598
51001
51765
52866
53169
53202
55803
56910
57119
57877
59748
60989
61232
61363
61591
62141
63383
63516
63961
328333
197922
198507
199332
199536
200129
200149
200480
200873
201102
201183
201518
202709
203387
203847
204180
206182
207335
209137
210667
211448
211925
211991
213063
57
262411
262459
262588
262645
394111
263329
263484
263528
263537
263541
263616
263625
133001
264255
264500
2544
264969
265192
265949
266142
266435
266809
398013
135905
5403
137236
139076
8055
8501
8636
9104
9280
140641
142111
12605
12668
12831
12835
13428
14551
16004
16246
16905
17961
18046
19114
20011
20161
20207
21283
22772
23074
26073
26609
27066
396298
28142
28252
28580
32621
34599
34790
34959
35482
35798
37084
37172
37315
38203
40511
42201
42275
43364
43436
43445
45513
47155
48817
48851
49320
49432
49524
49824
51708
52143
266131
52527
52842
52901
52971
53121
54054
56550
57210
57507
58955
59371
60388
60497
60764
62035
63062
64200
64227
64302
327901
328029
197075
197293
197453
197696
328888
198059
198310
198399
198524
200108
200254
200497
200752
200794
201198
201699
202896
202975
203391
203410
204128
204326
206022
206821
207606
209138
210026
210051
210218
16010
211785
212175
212608
262300
262354
262567
549
262720
262727
262753
262815
262851
262868
262952
132335
263470
263583
132528
263656
264209
133524
2586
2593
2607
264949
265080
134090
134148
265268
265421
265475
3361
3663
3999
266192
266211
266253
266520
267221
267593
268214
6300
269589
139285
8676
9264
140719
10396
10423
10578
10886
12136
13238
13727
14754
14773
15702
16143
18013
19523
19855
21334
22299
22418
23316
23881
24749
24971
28145
28573
29446
29491
31617
33445
34343
34691
35665
35807
37168
37342
37356
38264
38622
39479
39729
41330
41494
45637
45763
46091
48417
50867
50917
51200
51500
51956
52532
52559
52639
52973
53048
53152
53184
55140
55569
56294
57208
57681
59816
59835
60011
60330
60771
60976
61805
61817
64404
197091
328501
197506
198191
198463
199434
200044
202347
202662
203072
204188
205260
205697
205755
207551
207994
208591
216239
216444
262285
262293
262316
262343
262643
262734
262856
262900
263035
263270
263462
133045
264492
264589
133720
264998
396238
134143
265229
134187
3242
265462
134555
3653
266003
266101
266166
266636
135636
267460
267669
268892
268944
268985
6848
269075
400318
269396
269524
138552
269656
270817
8739
271645
140577
9650
9744
10594
11556
12541
13359
13737
13855
14371
14380
16101
16342
16851
17625
17976
17993
149522
19531
20751
22071
24864
24880
25773
28658
29246
31059
31252
32212
32308
32478
33566
33724
33915
34660
34820
35012
35048
36224
37276
37314
38047
38456
38478
39114
39608
40244
40317
41847
43160
43185
43708
44097
44332
45349
47569
47708
48846
49902
50601
52637
52699
52721
52742
52759
53243
53340
55330
57277
57629
58627
59813
60404
60592
60917
61049
61589
61704
327996
328317
197589
199020
199150
199803
200000
200351
201080
202309
202585
202673
204121
205495
206238
206460
206476
207029
207715
207934
208501
208920
208972
211084
211391
211671
212895
215512
216302
49134
131284
262387
262409
262424
262444
262463
131477
262595
262609
262696
262832
263024
263080
263311
132255
263517
132579
264009
264111
264217
264270
264345
264386
2280
264543
264963
265019
265135
134078
265181
265311
265434
266121
135126
266228
4150
266388
4270
266608
135718
266962
267120
267121
5091
267429
267475
267614
267974
268097
268126
268199
268207
268323
268510
268551
137990
138384
7387
269535
7524
7540
7784
139089
8092
8241
270497
270664
270706
271011
9026
9186
9328
271508
271578
272539
142160
11666
12540
12714
13331
14463
14650
15256
15388
16591
16912
17534
17554
17559
17579
17686
17806
18233
19016
150279
19930
21886
23486
24413
24479
24955
25148
25229
25472
26794
28130
28131
28201
28293
28300
28308
28610
28640
29470
29614
30500
33604
37187
37564
37650
37673
38333
40138
41421
41491
42005
42306
42313
42812
44267
46276
46375
47478
47586
47833
48092
48822
48964
49763
49769
50060
50287
50473
51465
51933
52795
52888
52913
53047
53107
53175
55247
55542
56482
57365
58158
58463
61888
63306
327849
327943
327950
197205
197275
198612
199325
199396
200050
201939
203172
203214
203478
205010
208808
209358
209408
209754
210129
210917
212123
212559
6471
270804
393225
262404
262572
262637
262757
262765
262811
262880
262973
262995
263055
932
263086
263155
263380
263395
263486
263518
263536
263703
263961
1887
264186
264207
133210
264359
264512
395662
133959
265187
265264
3225
3226
265975
266169
266400
266414
266423
397654
4594
4641
135817
4805
266986
267163
267458
267530
267619
267809
268131
268157
268171
6208
268404
268637
268647
268952
269023
137995
269070
269182
269391
269506
269672
269715
7595
7794
7819
270052
8517
139609
8596
270820
271069
271179
271701
9558
9824
10929
11090
11123
11320
273595
11924
12401
12519
12570
12593
12687
13215
13693
14717
14745
14978
15108
15672
15808
16559
394102
16970
18390
18779
19464
20454
21176
21719
22335
23175
23749
24033
24183
25139
26223
27611
28299
28352
30880
33412
35133
35236
35339
35394
35614
36012
36940
37049
37105
37254
37542
38930
39087
39217
39563
39583
39699
40165
41717
41974
42574
42632
44391
44439
44484
45265
45671
45768
47541
47841
49321
50928
51198
51782
51826
52565
52587
52603
52631
52695
52729
52780
52900
52908
52935
52978
52999
53052
53122
53178
53231
54641
56690
57381
57758
57883
58879
60427
61068
61786
61858
61923
61951
62040
63150
327767
328337
197267
328441
328543
198297
199324
199837
199976
200976
201709
201723
203217
203346
203596
204384
204778
205891
205916
208059
208864
209659
212602
131149
77
271
262478
262516
262557
262558
262565
262812
262822
263120
263129
263153
263267
263321
263328
263332
263415
263471
1351
132499
263641
263979
263980
263994
264017
264159
264223
264332
264440
264449
264490
264571
264597
2639
264962
396097
265053
265113
265169
265215
134220
265317
265379
265417
134672
134688
134697
3742
397031
266080
135060
266242
266454
266470
266545
266952
136001
267197
267199
267325
267326
267366
267373
267387
267398
267575
267594
5463
267999
136964
268529
399606
268581
6505
268824
6702
268862
268900
269036
269109
269217
269260
269352
269530
269597
7479
138637
7600
7693
270375
270438
270553
270674
270836
270901
270932
271000
271116
8995
271309
9313
271466
271478
271498
271609
272102
10222
141995
273461
142601
273697
12611
12709
12817
13157
14860
16278
16504
17898
149785
19969
20394
20655
21446
23105
24313
24514
265398
24739
25061
25575
27688
27851
28125
28154
28184
28209
28276
28637
28656
28665
28668
28840
29050
29124
31396
31856
266921
32261
6429
32415
32703
32869
33548
34304
36222
36352
36416
37055
37618
37622
37670
37675
38858
39399
39719
40107
40788
41103
41606
41753
42656
43733
44056
45267
45650
45780
46475
46997
47363
47775
48416
49403
49531
49640
50507
51048
52544
52571
53075
53085
53086
53097
53187
53196
53221
53684
55244
55752
56035
56286
56488
56694
56958
57420
57700
57910
58507
59645
59953
60981
61044
61138
61650
61672
61748
61851
61866
61901
62205
62586
327751
327754
327991
328327
328400
197337
328423
328576
328631
329006
198013
329371
198605
200409
200748
200899
202120
204947
205675
205998
206075
206276
206539
206774
207133
208702
209757
210321
211918
212755
51074
393238
262433
262490
262498
262499
262507
262546
262571
262591
262669
262755
262806
263025
394151
263089
997
263265
263442
263495
263511
263532
263586
263608
263623
263917
264013
264025
264075
264160
264197
264200
264204
264246
2134
133403
264491
264496
264544
264552
264555
395823
264872
264926
133934
133930
265043
265086
265093
265140
265207
3067
265244
265272
265300
265365
3261
3342
265905
265950
3842
266013
266097
266098
266135
266185
266198
266207
266213
266322
266399
135373
266592
266620
266951
266961
266989
267115
267124
5009
267263
267334
267367
267372
267378
267408
267521
267522
267562
267567
267602
267621
267638
5523
267994
268037
268047
268085
268106
268128
268162
268168
268192
268205
268221
268222
268243
268346
268384
268471
268485
6456
268605
268817
268835
6700
268860
268940
269002
269138
7055
400282
269215
269221
7106
269299
269351
269360
269435
269518
269572
7477
138571
269659
269705
138988
8048
270294
270382
270393
270586
270668
270738
270796
8751
270907
8788
270946
270967
271023
271143
9008
271203
9155
271339
9221
271383
9253
9263
271421
9286
271458
140407
271488
271562
271599
271600
9519
140593
271670
271733
140736
9993
272719
272739
10798
273380
11338
11767
11802
12179
12650
12775
13495
13825
14277
14570
15964
15997
16629
17537
17990
19429
19662
151544
20694
21360
21723
22324
22427
264999
22724
23058
23171
23201
26077
28169
28195
28215
28219
28232
28239
28334
28335
28360
28398
28618
28972
29107
29319
29672
30029
30833
30860
31167
31246
31272
266926
32444
33229
33576
34251
34612
34979
35237
36493
36968
37157
37266
37519
37599
37652
37724
38154
38186
38733
38819
39022
39134
43957
44358
44527
44747
44994
46416
46616
47236
48024
48257
48287
48394
48500
49115
49368
51132
51904
52376
52660
52686
271018
52927
52944
53014
53089
53101
53154
53160
53162
53246
54182
55555
56190
56456
57187
57795
58473
59432
60362
60572
60821
61430
61686
61726
61768
61784
61797
61802
61871
61890
61922
62093
7707
63931
64415
327733
327872
327896
327935
327936
328051
197019
197046
328214
328456
328633
328661
328677
328810
197825
198102
329206
199490
199496
200161
200590
200675
201196
202562
204309
205102
205219
205330
205483
206173
206804
206988
209368
211398
211638
211972
212054
212236
212415
212580
212751
213281
18351
262253
262302
131270
262457
262512
262540
131476
262605
262655
262662
262689
262691
262710
262742
262764
262842
262972
263096
263143
132168
263269
263347
263377
263461
263466
263478
263535
263544
263614
263634
263675
263869
263891
263929
264103
264124
264135
133077
264195
264212
264295
264425
264450
264503
264567
395880
265041
265095
265188
265217
265234
265255
265282
265389
265478
134521
265928
265943
3816
265968
265978
265996
266006
266029
266060
266154
266165
266360
266430
266465
135409
266492
266498
266546
266560
266607
266625
266651
4658
266967
266968
267024
267026
267076
267088
267158
267209
267248
267386
267441
267462
267473
267551
267573
5429
267647
267665
267666
267675
136792
268013
399100
268069
268134
399224
268252
268311
268339
268387
268402
268446
268502
268517
268671
268684
268732
268747
268913
268924
6856
7020
7057
269308
269338
269423
269462
138398
269547
269557
7506
269663
269690
7668
7720
7752
270263
270271
270306
270361
270425
270522
270541
270577
270581
270600
270606
270682
270737
270794
270838
270860
8793
271008
271283
271337
271358
271408
271410
271464
271477
9351
271500
271565
271587
9449
271663
271682
272021
9925
10024
272195
272213
272432
272753
273793
11844
13182
13293
13357
14114
14115
14325
14988
15614
15685
146788
16117
16800
17306
17666
19637
19689
19740
20474
21299
21743
23783
24638
24806
25386
25615
27400
27843
27988
28153
28166
28187
28196
28229
28275
28571
28582
28589
28644
266448
31235
32030
32440
33570
33941
35193
35928
36213
36374
36985
37028
37199
37482
37546
37640
37720
38172
38583
40387
268563
42913
43070
43226
43500
43709
43809
43848
44050
44096
45040
45194
45706
45804
45852
46131
47104
47211
47223
47702
50226
51331
51437
52294
52562
52593
52617
52705
52739
52758
52762
52814
52848
52951
52956
53020
53100
53201
53209
55182
55355
55900
57913
58150
58349
61031
61308
61659
61700
61732
61751
61893
62537
327716
327791
327909
327923
327966
327987
327988
328049
197036
328262
328270
328278
328306
328341
328388
328444
328510
328568
328621
328657
328732
328760
328795
328819
328820
328946
328974
329289
199904
199947
200303
201133
201806
202675
204280
204302
204504
204861
205099
205572
205985
206548
206617
207203
207697
207992
208376
208905
209030
209369
210412
328562
211816
212330
328788
262664
262290
262306
262313
262346
262360
262402
262454
262469
262480
262504
262585
262614
262624
262684
262708
262770
262777
262828
262846
262889
262893
262909
262957
262977
263042
263059
263067
263083
263128
263278
263292
263353
263421
263514
263520
263574
394744
263725
263847
263858
263948
263989
264071
264076
264147
264173
264309
264324
264327
133275
264381
264389
264397
264426
264428
264442
264453
2527
2683
264929
264956
264983
133929
265029
265032
265136
265189
134160
265249
265257
265262
265354
265375
265410
265952
265998
266022
266059
135066
4049
266274
266282
266300
266311
266338
266380
266382
266385
266387
266427
266429
266457
266471
266468
266477
266598
4694
4857
267011
267016
267078
267083
267174
267216
398337
267280
267289
267294
267360
267466
267496
267536
267560
267610
268006
268035
136969
268041
268043
268072
268125
268138
268156
268172
268202
268234
268253
268296
268396
6295
268464
268504
268509
268519
268546
268576
268578
268606
268608
268661
268698
268699
268721
268746
268787
268789
268866
268874
268995
269031
269039
269047
269151
269170
269180
269235
7131
269293
269314
269329
269344
138296
269401
269439
269474
269479
269496
269523
7381
269568
269574
269632
269681
269720
400818
7687
7690
139021
270248
270285
270289
270350
270398
270414
8280
270442
270477
8342
270550
270560
270598
270627
270653
270675
270741
270760
8646
270819
270851
270878
270888
270916
270921
270922
270923
270976
8838
271027
271075
271110
271115
271117
9085
271300
271325
271340
271343
271380
271385
271398
271474
271547
9595
9652
272022
10019
272230
10131
272461
272505
272610
272659
272710
10912
273573
273703
273721
273772
12338
12895
13000
13490
14178
14744
14979
15084
16409
18126
18568
18616
19515
20672
21021
152368
21339
22442
23138
23816
23943
23961
24538
25532
27781
28001
28176
28223
28254
28361
28606
28639
28952
28978
29583
29748
30971
30990
31127
31572
32242
32398
33362
6736
34183
34525
34700
35277
35353
35526
35810
35986
37363
37395
37628
37634
39328
39684
39855
40805
41232
41268
272573
41651
42518
43832
44416
44622
44712
44765
44794
45015
45152
45498
269673
46632
47321
47949
49037
49551
50113
50911
52569
52648
52674
52706
52799
52827
52920
52930
52932
52938
53003
53010
53018
53019
53139
53173
54048
54600
55044
271533
55486
55581
55707
56040
56111
58096
58329
58894
59123
59848
59970
60193
60735
61010
61221
61296
61297
61468
61648
61665
61716
61822
61900
61916
61918
61941
62103
62904
327824
327897
327907
328146
328170
328176
328178
328216
328220
328285
328323
328334
328347
328351
328360
197307
328434
328437
328471
328480
328517
328547
197477
328598
328720
328772
328790
328803
328829
328839
328848
328870
328884
197883
328963
329063
329240
329340
329392
198367
201246
201814
202813
204923
206479
207013
207187
209141
209970
210139
210570
211371
211510
131948
215550
35708
132228
109
262268
262311
393398
262385
262530
262539
262545
262610
262620
262644
262674
262690
131642
262881
819
263016
263053
394449
263433
263475
132405
263512
263525
263582
263585
263595
263596
263663
263666
263855
263892
263897
263898
1798
263945
264133
264141
264152
133130
264238
264285
264321
264360
264473
264519
264577
395657
264861
264913
265006
265008
265067
265143
265152
265158
265197
265281
265303
134365
134578
3661
396926
265886
265918
265923
265938
265966
266081
266107
266247
266353
266453
4646
4685
266948
267032
267050
5050
267288
267291
267393
267397
267401
267412
267446
267513
267516
267620
136900
267993
268057
268145
268210
268231
268251
6122
268350
268385
268397
268400
268459
268460
268468
268622
268628
268676
268710
268729
268768
268821
137853
268935
137872
269153
269171
269223
400304
269243
269254
269266
269298
269315
269337
269359
269370
269372
269385
269387
269444
269475
269627
269626
269628
269640
269649
269657
269665
269670
269674
269708
7577
270268
270336
270341
8242
270447
270468
270482
270528
270624
270630
270763
270776
270782
8687
270905
139883
270995
271016
271150
271189
271258
271266
9129
271284
262344
271402
271404
271432
271439
271479
9416
271561
271575
271604
271617
271626
271632
271673
271690
271739
9929
272447
272488
272757
272794
10780
10834
142014
273568
273616
273669
273678
273765
273814
11992
12131
12508
12773
13119
13188
14010
14204
15238
15525
15570
15626
15932
16652
18081
18150
18260
18268
19116
19171
19990
20214
20626
20904
21693
22702
23956
24186
24334
24449
265393
24680
24703
24863
26038
26506
28204
28824
28890
28891
28929
29259
29447
29648
29990
30188
30851
30988
31383
31595
266923
266933
6509
32751
33247
34955
35366
35487
35745
36103
37053
37225
37235
37317
38136
38611
39522
39691
39791
39810
41009
41601
42612
42893
43542
44865
45411
48728
49830
50087
51484
51681
51964
51973
52374
52455
52545
52640
52818
271022
52861
52963
52964
52977
52991
53050
53051
53057
53061
53123
53130
53166
53236
53939
55644
55766
56284
56962
57136
57152
58629
59191
59574
59637
59959
60274
61071
61092
61580
61584
61593
61737
61928
61948
62373
62563
64047
327761
327794
327812
327889
327893
327894
327908
328041
328045
328061
328114
328209
328267
328287
328339
328373
328375
328384
328461
328467
328519
328536
328544
328560
328596
328638
197653
328728
197667
328744
328767
328882
197888
329039
198128
329222
329305
329401
198477
198610
199298
199362
199918
200995
201222
201479
202844
202877
203333
203605
203815
204310
205032
206784
207614
208014
208188
328077
208907
208985
328119
209072
209739
210278
210350
211715
212033
212487
212911
328902
329259
329291
329414
215664
216333
267511
262380
262401
262566
262787
262791
262978
263032
263097
263110
1011
263159
263251
263297
263357
263387
263468
263497
394749
263922
263934
263985
264014
264023
264228
264248
264342
395478
264424
264550
264580
264596
133676
2685
264876
264903
264927
265017
265058
265072
265117
265260
265279
265338
265345
265390
3316
265491
3801
135027
266145
266156
266191
266246
266260
266272
266538
135526
266641
267034
398223
398334
398491
267439
267467
267623
267649
267662
5726
267955
267988
268029
136972
399116
136994
268183
6083
268240
268330
268375
268436
268600
268726
268788
268793
268878
6739
268890
268962
137897
268997
269044
269053
269090
269131
7122
269429
7438
269639
270241
270320
8234
8323
270608
270623
270684
270766
270816
270877
270949
270998
271064
271180
271205
271206
9070
271414
271437
271459
140399
271529
271538
271586
271692
271694
271761
9749
140905
141047
141114
272207
272462
272477
10361
272555
10430
272701
272741
141721
10947
11233
142366
11922
12571
12618
14103
14586
14793
263548
15673
16168
16314
17293
17473
17492
17535
17958
17996
18077
18278
18451
18647
18988
19331
19399
151338
22379
23913
4817
24284
24768
25424
25668
26042
26156
26370
27008
27696
27720
28133
28234
28292
29091
29134
29287
29357
266444
30110
30404
30640
31084
31293
31769
32298
33489
33554
33765
34187
34594
35196
35539
35617
37150
37273
37333
37491
37515
37549
37653
38634
38790
38826
39083
39216
40545
41802
42411
43045
43278
43561
43766
44002
44655
44670
45230
45259
269667
47181
47583
48366
48602
48832
49038
49101
49895
50182
50241
51248
51407
51744
52375
52596
52635
52765
52820
52821
52887
52931
53043
53155
53234
53486
53764
54290
55350
55567
55808
56800
57103
57407
57483
57583
57907
58321
58470
58868
59790
59793
272455
60446
61394
61652
61676
61759
61763
62214
62668
64241
327808
327961
327962
327982
327984
327992
328039
328068
197013
328106
328172
328210
328356
328361
328386
328422
328446
328548
197482
328656
328672
197617
328735
328745
328777
328785
328802
328868
328916
328952
329036
329042
329053
329098
329202
329346
198539
199081
199520
199708
199805
200275
200449
200461
201324
201330
201593
202193
202196
202207
203752
203779
204333
204809
205080
205243
206423
206621
208569
208825
209835
211251
212131
213205
216246
139749
47542
48752
393227
393444
262412
262435
393552
262518
262606
262809
262826
393968
262981
263065
132046
263154
263284
132252
263341
132330
1321
263510
1421
263573
132585
394728
132779
132808
263928
263982
264227
133189
264393
264461
2495
395717
2514
2515
2716
265016
2895
265172
265284
265302
396431
266124
4043
266248
266365
266436
4385
266593
4474
4581
952
267117
267212
267313
136258
267544
5495
398712
267957
268083
268108
268146
268335
268359
268548
268607
268708
6568
268735
268749
268983
269015
137945
269035
7046
269270
269271
269376
400474
269422
269517
7516
269683
270362
139301
8330
8402
270673
270795
270943
8820
271131
8990
271138
9110
271274
9230
9312
9342
271544
271660
9536
140637
262491
10214
272458
141394
272730
141992
11751
11830
12067
12180
12764
12778
13273
14203
15844
147039
147120
16066
16417
17017
17077
19527
150746
19893
20249
21388
21500
21534
21575
21766
21976
22250
22386
22422
23629
23655
23871
23875
24271
265409
25355
265948
27446
265997
28216
29303
29329
30929
31444
31445
31549
31621
34244
35328
35657
36591
37479
37627
33597
38277
38438
38541
38628
38809
39775
40028
40495
41446
41985
43022
43567
43633
43973
45037
45561
47122
47329
47914
48126
48348
48610
48678
49296
49724
49743
51069
51341
51582
52112
52675
52788
52980
53141
53245
53616
53865
54588
271407
55270
55334
55521
55561
56373
131744
56745
56864
57174
58409
60840
61325
61728
61792
61823
61940
62160
62423
62838
196624
327737
196735
327892
327939
327979
328024
328036
328179
197204
328315
328336
328431
328505
328583
328698
328699
328730
328749
328841
328874
328911
328970
329032
329153
329237
329243
329384
199632
203123
203182
204419
206383
207921
207952
208056
208549
209059
209707
209735
210619
210644
211157
213039
216211
216458
269931
9622
262448
262496
262649
262729
262820
131931
131937
263101
263139
263162
132094
1100
263261
263431
263591
263592
263801
394977
263935
264046
264092
264323
264339
264446
264455
264462
264984
264989
265178
134189
3367
134469
3479
265684
265892
265915
135328
135425
266502
266586
4680
4851
267186
267229
267299
267427
267450
5690
136805
267935
267995
268120
268289
268372
268432
6364
268538
268589
268592
268645
268668
6623
268790
6731
269154
269208
269267
269320
269366
269522
7530
269719
7682
7849
8057
270276
270293
270333
270372
8346
139468
270654
8518
8664
270990
271014
139951
271093
9080
271255
271257
271745
9885
10084
272529
272584
141626
10794
11269
11290
273602
273767
266205
12353
12392
12880
13370
15022
17350
17683
18129
149240
18218
20388
20710
151819
21525
22512
22850
23265
23724
23778
23820
23854
24253
24545
25234
25513
26106
26380
26446
26523
28188
28271
28285
28554
28907
29571
266440
29918
30032
30038
30071
396914
31415
31499
266927
32489
32899
33951
34718
34936
35047
35087
36891
36908
37007
37316
37399
37403
37484
38949
38984
39046
39089
39184
39543
39785
39904
40350
41206
41400
41560
42781
42905
43260
43576
43994
44347
44772
44914
44943
45638
46231
46353
46811
46849
47377
48239
48781
49120
9795
49322
50009
50187
50414
50698
50775
51060
51577
52373
52541
52600
52783
52876
52984
52997
54632
55785
56195
56634
57141
57624
58436
58601
58708
58712
59103
59126
59217
59360
59984
60079
60447
60470
60504
60695
61503
62410
62600
63452
327750
328037
328038
328125
197064
197099
197155
328275
328350
328426
328473
328490
328523
328538
328567
328575
197524
328644
328706
328763
328964
328966
329095
329317
198279
199226
199319
202050
202513
202829
203068
203784
204332
263481
207137
207564
208236
209564
138592
210558
212427
262312
262667
262966
262968
924
263238
1213
263456
263793
394968
263991
1955
133120
264346
395466
133380
133389
264559
264890
396040
265055
265091
265130
265450
3308
3480
134711
134753
397326
266373
266434
266460
266529
266534
266571
266633
266725
4693
398044
267009
267205
136204
267363
267380
267497
267670
136741
136764
136779
268123
268344
6220
268413
268525
268593
268876
137816
6821
6881
6895
269088
400194
7048
138965
138968
270523
270564
270669
270810
270826
270863
270893
271019
140099
271232
9226
271373
271456
9336
9374
271548
271553
271746
262501
9997
10000
10021
272284
272601
10481
10973
11242
11522
11961
13127
13657
15024
15085
15128
15177
15190
16880
17514
17645
17685
18117
18274
149723
150158
19518
19834
20464
21709
21782
22572
23780
23921
24279
24640
24689
24904
24989
25084
25144
25837
26838
396125
27216
27257
27258
27882
28140
28143
28144
29588
30012
30950
31195
31725
31857
33071
33771
34080
34154
34797
35592
35640
36734
36951
36992
37368
37412
37658
38466
39040
39138
39273
40160
40581
40824
41135
42498
43413
43507
43541
44030
45588
45931
46155
46156
47110
47114
47504
47645
48719
49218
49722
49835
49925
49954
50360
50448
50776
50953
51013
51092
51155
51345
51464
52308
52323
52714
52995
53222
53708
54253
55423
56307
56656
56679
57007
57279
58411
58689
58718
59482
59497
60150
60159
60459
60806
60823
61403
61729
61750
61785
61873
62082
62183
62269
62917
64015
327922
328001
197029
197080
328164
328199
328222
328313
328399
328468
328498
328507
197563
328719
328747
329038
329058
329064
329121
329125
329126
329159
329166
329279
329290
198317
198346
199290
202173
202550
202921
203712
204272
204666
204860
204949
205132
205811
207056
207168
207923
208349
208393
208563
209531
211244
212049
212261
3
262365
393457
260
262502
262908
262940
263277
263507
263617
263650
132816
263906
132895
133255
264344
133421
395664
2572
133817
265266
3175
3258
3285
3557
265721
3601
265979
266031
266216
266565
267007
267129
267170
136161
267244
267345
267428
136499
5538
398962
6503
268685
268730
6672
6713
6723
137922
269040
6968
269118
269219
269237
138165
400687
7511
400810
8053
270352
8331
270589
139597
139646
270847
139799
8895
9051
140171
140231
271328
9419
271590
271740
10004
272163
272274
272276
10204
10302
272549
272558
272636
272692
142007
11062
11191
142393
11340
11744
12252
12265
14453
14492
14969
15848
15930
16223
16477
17035
17143
17707
17754
18121
18135
18282
18400
18712
149851
19122
150593
20318
20791
20815
20880
21738
22561
22677
23669
24342
24443
265405
24812
24936
25189
25308
25506
26989
27065
28605
29028
29117
29430
29468
30176
30742
30936
31148
31349
31720
32323
34139
34171
34352
34527
34545
34911
35908
37350
37523
38084
38631
268201
39010
39045
39603
39709
41082
41779
41967
42325
42339
42369
42396
42512
42668
42676
42864
42910
42961
43248
43966
44430
44640
44682
44882
44894
45665
45769
47273
47493
47522
47600
48249
48948
49013
50115
50313
50472
50488
50636
51058
51151
51601
51764
52153
52668
52892
53133
53292
54198
56349
56472
57214
57286
57608
57723
58269
58310
58392
58530
58989
59125
59239
59871
60072
60129
61604
62011
62099
62283
62646
62749
63052
327817
327903
328173
328442
328624
328643
328670
328714
328826
328915
328931
328935
197991
199665
199669
200030
202054
202087
202756
202895
204409
205094
205209
205597
206703
207785
208087
208210
210612
211694
211700
212221
213065
213138
1767
2
131091
131293
262738
131735
262861
394367
1448
132529
132641
132849
395127
1930
133075
264189
264191
264275
264459
264554
264569
396422
3360
134456
3614
266420
135386
135406
135668
4983
398203
267191
267195
398700
268080
399226
399240
6147
268527
6400
6407
268560
137547
268843
400006
269199
400414
7332
138423
401307
270240
270264
270437
270543
270622
271251
9270
140452
9409
271557
9597
141000
10002
10032
10352
272501
272665
142616
11814
13280
13427
14288
14615
147061
