61766
52157
22379
45824
69571
72643
47088
60449
48370
47914
28781
37995
52142
37100
8174
13696
45605
4261
43269
11168
5729
40837
24100
61462
6842
29054
37400
54051
12071
18505
14341
26963
21467
17283
24442
37000
10216
47393
24984
33726
24548
53090
24454
25151
44104
50265
47415
39096
22948
58275
8076
43411
45259
71154
53366
11876
1601
9888
19800
50539
2432
15479
51360
2051
59868
1925
66227
35929
68607
50321
63413
55883
28648
26840
48777
29916
23028
44890
20598
19778
53977
18346
10928
50039
63588
52160
64366
12910
5964
35338
20484
19698
26636
29877
56266
6226
75752
38645
62374
45807
39797
11934
9407
40655
73517
6225
29678
65448
36243
11719
11717
29045
8569
48634
39438
73958
32147
9635
70221
22398
53348
60153
57051
59757
21751
4910
10906
43301
67679
12670
11211
40973
65193
2860
26495
33033
6883
50921
50339
36564
18033
58925
39637
25198
29173
45226
62326
73424
60623
4550
15069
72970
326
53255
11721
69207
14029
38038
13742
4415
22488
27651
3937
27922
4214
26050
62685
75527
73352
70246
64829
29379
19103
22922
56353
1268
23787
34954
43148
55013
48756
53018
33311
76486
3031
38290
34051
69895
53099
27559
50138
72131
74286
66545
67247
53869
20274
58967
55356
18246
39429
74810
51572
44366
75096
65832
20241
45172
28452
53645
14167
19219
29106
49910
53918
6157
8232
49891
9681
15690
39651
17724
9562
47903
47905
71100
50630
27272
30742
69391
60917
7118
55656
29336
23802
31432
18177
22044
53280
38711
73557
35514
34740
69105
33558
54492
26249
15361
62623
1019
49484
22181
70361
50080
70251
25126
2159
26446
40466
60881
68513
58352
28800
12705
5956
10522
59617
62633
59165
27709
52983
17630
9519
51906
68641
53474
22434
28628
67089
28974
26648
56306
60086
31464
61098
52949
73570
26794
19044
9284
40860
70204
46695
37002
26144
39919
12795
61334
30038
1819
29476
13796
55634
29822
31901
20475
43812
59943
22638
28534
33697
12435
37382
10880
59357
72247
16343
35194
16007
5772
49081
18540
35527
18149
47457
56336
76557
18212
59062
29065
62439
62742
65972
31622
3664
1090
44891
41407
71278
74629
41044
954
40521
61987
41741
5398
55016
66269
28432
63397
65535
56355
72446
2484
56479
28254
57576
38262
56793
20664
62911
62260
73392
42550
44185
70932
73903
4583
69374
23099
806
71662
49917
4706
57358
54316
30453
17189
20505
32751
70190
8303
24729
57227
37462
36525
59471
10456
27974
53686
68505
26891
34951
19116
63483
74147
18332
23644
72674
25646
42260
3397
40813
73153
28933
36213
28606
64991
18897
67450
66603
38496
13287
11959
14298
41731
31644
22989
72265
41730
6124
73894
62205
44148
46621
3030
2477
66118
54683
63123
66562
35792
19884
55412
22495
13376
12879
52387
55779
57541
20733
72989
46716
51040
58810
64920
66941
30877
57107
53620
40077
76499
31424
59956
52699
63257
64563
48060
17192
17843
54534
17400
50215
60400
53965
45127
54657
61379
44371
21368
3874
71160
75310
36977
24611
56492
64294
25989
10245
8779
29245
12386
73942
29456
12901
52185
8107
35839
16118
20116
60432
26954
56691
70195
31336
63889
5941
49033
56302
58969
11894
66782
46304
50464
76397
54505
8376
17796
51662
51776
71670
73172
57086
61392
19355
12769
11688
31197
70315
43572
54866
36549
24688
30690
650
20906
27438
32084
16727
38250
49772
38777
38705
56406
3999
31274
58445
57223
36908
58331
36438
27419
60136
49625
11413
16796
65019
61877
72566
23676
73616
9551
13057
25926
25315
4474
62687
65844
42862
74378
11202
22271
59571
70965
27717
45277
35513
14474
65405
24511
41879
27668
57323
61456
47014
17502
5633
10964
56460
13565
42115
74585
6764
76179
70666
74561
28451
25546
38210
6298
26838
49367
73928
39605
29543
49653
55670
37177
31712
32025
58381
12247
41388
50109
38972
61045
62256
58966
40968
29535
40190
63292
51153
24576
63869
10742
39030
3667
35778
72394
46822
39142
1104
14836
10231
46889
930
46226
34513
17642
54284
64365
32954
35730
31779
14378
6993
59231
37573
52868
33253
25174
70342
70086
35620
8227
54650
46970
29848
63204
65492
53778
7828
67068
18019
67139
67795
24344
19041
73853
47021
11041
12789
17224
5252
67090
69082
57098
60372
53243
9839
28797
14916
51951
30375
43674
44544
74632
58627
45870
62065
5845
8802
33807
29624
90
61445
4368
45034
67375
20976
26021
54346
34189
24838
10417
72721
8888
54160
54720
44245
5825
17013
8440
71642
68626
35162
12614
52887
31024
26095
67129
16924
59122
12409
75079
63273
49084
74526
32608
35489
44128
46703
48619
71906
24293
13706
34334
20631
26735
46769
71784
52047
75456
33622
42571
24248
50652
36177
7550
67573
42712
40834
30897
60364
71983
11334
38808
5029
18144
3777
20410
64746
55561
14666
47220
9048
34360
9526
3949
65330
53910
14541
47472
35890
50280
6889
67641
59334
71378
43885
46667
71109
4295
18418
73351
10900
57608
54799
71253
62425
73103
65833
10451
8490
39076
31096
22300
72892
37567
45880
37337
75929
27245
57589
7938
12633
63598
59323
70755
64772
73771
5323
39592
35280
25751
12561
9809
49855
9421
71737
29022
5636
39626
39152
53816
60930
67049
7385
8600
29451
42062
25700
59388
58893
70842
28736
58659
22643
54098
62926
74348
30860
41644
3252
50298
14991
36665
2583
28304
71379
11528
45774
41059
46160
29627
52650
52579
3196
56259
32110
75982
67025
75292
208
44381
21587
65127
70881
50117
65975
33326
47108
75365
17407
6250
56494
41717
1217
4564
46536
27176
4569
9387
49860
49083
72428
21372
57566
34721
63856
11356
19267
251
25801
51543
7773
13300
27866
66847
35598
30241
52622
42357
46734
33184
14116
55584
37119
7969
27712
69247
11790
9991
35086
18377
36831
7440
55164
11946
60398
52967
4778
72517
36902
75373
12171
19250
71244
20003
29786
1981
54543
39199
16488
73302
44668
49309
47825
4687
35600
50249
36391
42886
27992
23630
51395
39419
60273
7024
49481
62510
3979
64525
40080
74048
30104
59631
44792
75216
38243
39217
29491
14429
3319
50696
12906
44650
10622
23137
20009
12415
73965
72212
39539
75865
16096
13980
31389
47542
23329
42584
53253
65635
43499
55937
33520
45873
11546
69409
61492
57498
64943
43530
8707
5780
8940
54387
2892
5321
18178
47242
26832
30237
3836
15737
49823
24166
36735
58873
38184
62153
59958
40880
22659
72925
66000
52776
4749
53004
64332
63479
35683
13159
71521
12521
48832
15778
14940
26183
19957
48585
63806
19763
51602
61003
63311
9269
62003
22147
16754
50036
40811
51045
48927
11686
14741
17529
71717
40833
46265
52560
25728
8463
61835
8281
55518
70003
13763
62330
34742
15353
40427
43371
26364
69841
69188
12643
30451
72304
66704
453
72504
44547
28928
7279
34506
38295
14764
13084
67580
18691
57851
20126
26064
37478
62508
1537
4297
71609
16724
10075
30583
10387
15020
50845
19837
2721
4936
12052
50358
41014
29269
70491
30784
67892
37009
52587
72936
39067
26796
72768
66325
49669
12825
44175
39769
6712
33456
32256
59735
63312
42853
1759
55191
41035
49221
40359
41653
66442
61049
31766
53687
52728
42697
72441
21662
75786
68616
56443
46926
20948
43906
64606
1229
30816
74372
7448
50571
17299
61318
31097
780
3931
47179
25737
18842
57114
75349
70951
30832
10502
58466
2174
69193
30093
3766
66931
8507
45295
3754
32680
43698
32873
28018
53790
11140
4923
44527
1238
55352
70927
59649
73005
40382
19301
60856
9036
3313
38488
67107
38167
72940
14663
21203
24331
20819
7255
12735
73597
58973
14994
52367
979
66959
75213
50993
75032
21731
7210
72460
66571
70823
48169
31508
63722
30354
33985
44712
65088
62068
67186
15973
5093
6426
51794
49829
57602
3125
45093
50976
22749
64310
1911
14960
25310
29118
63217
42776
40235
29889
19581
43510
55289
50836
1479
50605
22361
71277
9208
48079
38462
73603
35335
71272
62750
18517
34564
49950
17357
33386
15556
59906
5161
47704
2792
52778
48801
20852
42871
38411
37832
28085
12271
29751
45556
73551
65450
14102
19346
956
67928
22876
9814
60174
40147
47589
5723
13538
13021
7505
58365
70210
32230
43929
12261
35806
52503
10462
53586
16757
10119
12017
22287
59815
16767
30192
24615
44711
45169
41648
64449
67525
27492
2243
36847
6122
18084
93
15809
66291
42129
17458
7859
54570
59579
68792
48610
30055
42168
19353
20843
29596
60584
68771
39814
75295
35883
46205
75681
26312
72973
10365
74019
37645
72852
27703
32993
71523
7198
20724
47646
40116
76528
68179
57772
64122
63675
19196
32371
76646
69170
30792
78
61570
76308
42848
59974
13022
12629
18169
75797
4441
49534
34830
56140
42986
47750
1375
64886
16375
73353
14377
8450
1959
20398
76256
3133
24276
71066
20024
48905
29466
65102
39027
272
52464
10620
21982
47547
31990
21942
33553
7141
54162
72781
62846
9119
15202
34747
6016
12704
46644
46246
62507
50095
22397
6877
17038
31639
54600
40616
43592
10194
74788
57930
4964
42276
35166
26246
67041
46365
67300
67350
75990
60195
27843
33410
33680
76372
62951
20278
36710
49104
13017
54517
44833
70369
41126
3499
26776
48509
55380
50867
61300
74493
9902
71979
42846
40168
8363
38869
15110
55408
40678
58538
15065
73245
23266
60057
76259
56197
39099
71630
9117
10995
71131
51296
71093
34133
61020
60378
74815
28387
27446
43055
62404
39907
25826
27024
50888
52399
48847
75494
62186
38352
57908
53180
22984
49078
56868
70645
9985
48236
65
66030
60227
73323
1598
71364
4612
15341
75225
20280
74898
54425
20237
57379
65763
20540
26213
47933
31776
61290
5623
52707
4062
56035
72653
49665
20365
73528
13702
29592
41532
63000
6306
55552
35900
65594
63546
34829
56661
31418
67610
34510
70074
21070
3385
75660
52219
46428
51202
19483
65593
1460
34414
6810
74059
57315
13699
3412
31824
47236
23984
1740
23217
76777
68475
24512
62272
59216
43139
24150
75269
38173
12604
29149
37828
40560
51654
57964
66311
14034
45344
5107
30350
4159
11608
57074
689
65556
43405
23699
23127
430
18811
37172
2104
48712
25969
29172
42877
49287
34299
18777
55170
13928
71679
2100
37388
14226
11109
68599
27815
68259
48763
18321
24517
3761
56325
50674
62905
55053
35710
541
48647
29155
30750
49298
76378
29886
8912
45648
7143
48300
45230
1311
23159
11351
16309
2902
36362
1002
68973
38486
6094
38865
61177
26655
45896
63131
30481
62807
60330
54913
52325
19929
70521
66820
32595
54877
76377
67018
28021
15767
34036
24858
49566
39087
34801
74580
13903
66598
63638
69196
20304
50453
55064
10954
49094
24412
32982
52270
47132
8808
42655
38004
8883
50980
5522
14571
37485
75457
72340
34832
44583
18411
1042
72977
33360
70833
49077
59616
51377
9758
50952
72262
38561
34077
46732
5724
47182
6890
1675
19492
44149
38326
71641
12640
56441
68053
2545
48781
76315
59284
35987
34917
45201
17875
57857
55431
43741
60947
53405
14354
39987
1304
14780
67553
61084
75961
32285
13266
59133
50581
43878
69268
75311
16276
67098
15051
67287
23994
18812
59907
76608
14246
48011
28171
26082
3134
1693
37154
20046
19538
11715
1123
17036
9877
67145
34476
72774
43769
56900
16145
37992
24060
12529
76543
21624
46035
19793
72117
31763
35765
1515
45099
2521
39299
14428
21838
50803
8906
59556
978
55549
49690
27697
75541
55015
5940
30500
59404
43295
10167
7694
67954
71604
27937
64261
12008
22938
15672
45014
35761
65166
66996
66556
8494
28614
71247
40422
47545
8249
61943
13483
67288
3634
6027
25087
36287
26222
46208
57269
15411
39677
66665
59667
54798
57536
73916
65851
10004
74005
71033
65770
44797
17225
22807
68010
72893
9495
45969
52076
51624
21986
74841
376
72512
47265
40454
67731
52195
18862
24219
28769
23866
53388
49535
16679
14853
35347
69276
29309
69941
21684
66306
23465
69891
31080
49159
13450
9739
68568
49613
50575
57999
2606
65188
42787
47964
61276
61090
56000
22626
38947
39654
55147
70012
66817
65947
70817
37634
7236
57302
57668
41978
40646
43286
60304
6146
74056
16337
69808
11735
31237
36337
9903
7944
24177
64463
18795
14396
42538
30779
33708
1122
28184
32518
54522
53866
40674
30133
34607
45655
76743
39683
10290
2054
59339
69818
53775
5627
71480
39381
1812
6781
45170
11784
23474
21308
41179
4758
48481
49222
44947
50551
59624
43956
7602
66898
27131
39699
4884
59285
33565
2692
61620
51141
21676
38061
15141
31000
44398
29558
20308
73308
24920
9099
71802
66878
16368
3959
11675
73443
32416
62980
21972
4278
50513
39125
5025
69548
58472
54087
20741
588
20055
21820
25136
74914
25186
75361
6135
48724
10519
44223
2195
9175
64477
67708
42320
5595
28863
16726
50096
16565
62080
23937
33283
1087
20602
52541
17267
16541
71163
63767
75856
47263
56583
24532
49476
38359
21278
60898
3232
29428
62534
11744
40888
3808
57099
31764
76330
29806
15319
72794
46282
26871
33705
42547
41134
17425
51604
67949
21807
10885
52662
261
63461
27726
44486
40270
5751
30539
18048
41916
46272
65323
58012
61381
48317
20394
51984
16470
39499
55756
60884
46785
51499
34814
32527
33601
62923
37942
3684
33099
43543
65333
64640
2472
37584
57843
67712
18822
23832
15010
18176
20642
46177
56357
18036
25321
56586
3708
61376
69127
42403
51056
65480
20655
45446
56333
68880
8087
44985
71196
62588
43672
16410
48382
45178
17723
5095
21069
5958
32268
26284
26825
70297
64399
9174
70820
8392
40737
26417
38218
3834
65234
16611
35800
30605
75783
47377
72534
29873
19844
39421
28170
36035
30709
13310
8711
24134
12088
7161
70891
28538
71013
65160
14397
24175
43864
55146
1251
64269
14922
26769
47262
43892
32955
14300
67673
8453
48475
58694
48342
55371
8983
64489
48295
69537
49536
63089
9276
35121
74466
64513
32358
59305
13005
60958
16505
45921
75670
75833
5301
40073
7034
48656
895
19651
6664
20210
39137
4106
66102
57277
17351
39874
45635
54392
71064
55214
8028
9330
41569
15111
45579
44208
20879
18884
64693
62615
24105
52109
75442
42043
16721
62023
39934
20064
31015
72707
73080
44206
75301
25513
45542
37440
8991
69198
62069
23426
71684
28342
42216
9554
5464
8387
2408
34503
9504
31613
1113
1374
8749
72709
31898
15826
69655
18875
25282
39512
26874
66119
23520
66923
74766
32113
21287
51119
33555
56708
17743
35904
38872
70861
14384
63179
50366
18487
6139
19384
15784
28226
23471
16091
28631
52742
11377
34176
76698
32910
58080
39779
34345
42447
1504
62544
51517
30296
30032
11281
7973
51032
21992
32032
31165
864
48775
26932
76768
16225
65765
43913
32673
64194
38760
9656
33250
47926
4477
54406
38965
15686
73126
60251
3379
59411
40171
11035
68594
45842
13085
64198
19485
10856
71712
45113
26594
37
66693
696
56395
54499
71773
50842
62487
3041
32917
60071
17170
73494
54326
47323
61827
18959
22987
1001
55783
32216
19656
55291
56688
68523
58340
14183
72155
22319
25579
31161
14819
17379
44824
11280
60322
29288
49504
74230
52449
29810
9395
76498
51663
51930
18258
1904
41915
19650
27213
20669
26582
13858
61700
61501
32232
15048
16935
5084
73534
72933
6220
30533
32883
70960
12656
37959
48197
9824
51156
14335
55778
69805
24696
32623
46778
65506
63369
21683
32924
48404
35511
27839
69845
43588
50881
32959
11903
3889
7587
53323
2063
62479
18834
57694
29796
29150
65364
30437
73670
36761
16593
12791
48960
57384
62748
76574
60954
5494
3002
25333
43106
30310
69295
74647
3954
68374
3269
1328
32922
57183
63048
65751
15623
40613
5725
75727
10789
45094
33224
31251
55110
57947
73336
3155
33688
48477
26382
68290
54473
11212
8328
53810
62528
18555
12973
23264
59763
17151
13673
29711
50938
71439
75065
3438
50026
73982
16023
30730
38610
16532
69130
54248
11210
65315
19403
13445
71362
45946
49650
52993
73776
46612
31056
12703
31202
8439
1594
3781
43605
29633
32558
49982
55422
72634
68446
67369
4902
66400
73467
43140
12597
50631
57886
25665
7283
73946
46409
25664
23442
72102
32208
7836
24489
11729
9820
32989
18482
52501
70146
47937
73045
20629
40007
42549
50586
14597
20625
64679
43569
9068
43547
21866
4352
9505
18986
34785
42707
31782
55933
41144
24097
37822
65579
21302
4164
6497
1871
56313
25213
32817
64314
48689
47757
52901
31943
59236
31588
20777
70819
72338
9225
27169
64769
3867
61548
6765
59445
69001
41984
54444
16711
68939
54174
14157
20557
40462
29348
14265
29361
14484
70135
70243
51852
72291
23203
38989
818
39853
76655
49024
45708
21090
68031
72153
26425
64967
6935
51455
14705
70938
22301
6137
16051
23221
65640
6502
10227
26392
9136
62095
60229
5659
10587
32628
35779
14380
40158
1681
7130
5210
72976
27850
17245
18376
29544
68192
25684
30905
24186
42285
33532
65782
1627
34838
44264
27405
58342
16014
27257
19729
70379
73478
65368
71699
44590
51485
67507
9790
39768
49974
59677
69307
52506
15264
73907
33972
34880
2375
54431
31440
62663
38341
64486
15683
51031
39226
39930
49308
24912
20151
59671
5555
10255
11409
69358
3698
27191
20603
38863
29707
36754
38897
45106
37243
59442
21304
62625
35554
63875
46305
8939
5229
38381
67702
17845
58862
60346
76774
257
45768
32659
10314
56590
55212
72269
33418
74003
17657
75205
65795
16450
64356
20224
64982
70708
54654
58883
16607
76422
41405
31724
71688
15234
74606
71117
53615
166
18403
13018
8137
72801
76538
18014
34008
56086
53349
14579
63284
27702
26787
33258
11742
3323
11542
6914
1634
34471
4502
74517
8109
33633
70693
28840
57885
43783
37751
63706
67146
39307
22842
23460
63513
2682
5031
41780
40212
36728
56188
40373
66527
56857
63102
33293
67660
45089
61682
74403
27081
48055
17408
2252
21147
25139
23140
46401
65976
23477
29719
62119
9124
10870
74219
4091
54940
67409
16472
51479
25248
21957
2046
53500
28061
74728
3007
8763
75375
57683
75650
75322
74136
74910
46181
13645
44941
53035
25749
70130
45239
65171
18099
4208
75490
47045
61724
61351
59319
16183
71664
56768
37366
27307
51670
27989
48795
45400
63449
40562
11195
28276
2058
68515
57933
36126
29695
12026
34319
73704
32362
57595
52361
51637
7137
45771
5604
43388
15318
12349
16567
27207
72537
33036
26068
2501
43747
73512
40962
12687
60631
45791
53421
24934
34099
38964
67321
51172
42419
34168
63874
74695
74295
69404
31306
37917
16865
38185
24681
15226
64260
48735
32591
11193
49004
50310
74160
52020
504
16322
47513
30520
38579
43523
70776
65634
20964
62361
67786
7884
13093
49784
22953
69605
620
40969
61876
7693
49130
70999
36419
23395
73243
17977
15971
56382
40253
30725
54403
30698
46825
17640
31618
21965
28605
24259
13506
38206
48160
137
72185
39896
36513
49729
36588
37209
32346
14840
13014
72442
56884
41457
75765
68309
45856
26630
24848
18744
12436
26717
10443
53832
50983
45167
5762
10632
19168
6129
26277
12917
22106
66783
71210
31698
26577
2248
45486
3131
15915
9394
20369
38098
43792
72576
7792
12033
74421
66592
5945
48940
8182
23907
47187
38856
34146
73898
19479
27656
73599
16659
16868
5624
64533
22164
4646
44309
64905
754
12434
3980
3077
74420
11381
68219
60853
66072
515
62237
60270
53557
13800
26256
63551
3838
10912
56615
51436
20469
28755
8537
67835
50278
8017
1161
17397
57690
19718
74774
15233
22165
42558
44870
45425
53209
59112
39729
8321
9437
61041
47011
53202
16102
47122
31089
31273
42095
49305
19596
53114
7829
27097
53815
73642
62264
43195
76231
41470
46951
55256
24524
54194
67764
14351
58775
10211
70540
10160
51417
25156
5829
55346
50151
33347
19604
61522
2748
9456
71087
23893
16349
22487
71442
75016
4363
45142
64705
36989
39373
65156
53585
8696
44040
39803
48563
74563
23912
61406
29251
26429
72725
54728
53186
45219
51467
70993
76584
22878
53580
8233
70005
48753
27114
20510
45516
59886
63165
75857
75176
49764
34730
36369
39595
29525
17739
31162
16160
23708
22862
67311
52285
22506
11595
43419
40001
57537
35351
17309
34745
39447
25527
22401
36677
28660
8200
51694
48873
2310
3015
22571
29375
39655
13698
34074
60508
41782
44787
68027
53279
36350
71509
29622
58641
63334
55052
65479
8316
11448
19421
435
34472
69497
30390
38157
43557
33676
5641
43257
46531
16348
70709
74176
46190
17546
5405
60671
5280
8781
12636
72589
40039
60249
40340
66257
27716
3713
74278
14772
44172
7465
65967
75714
20729
34990
74576
6637
20267
1917
48612
43330
37095
27778
23163
44328
13256
16855
61330
75367
16782
45524
70279
75551
20235
71057
38736
22221
8067
73994
29313
16566
34868
50118
75394
42077
61025
63795
25894
40830
19490
35035
41721
64597
72526
31586
30859
6172
66087
59261
6199
59765
25629
7162
75129
5978
44389
880
28745
55327
4831
5681
40547
48708
43816
48353
11627
2180
56020
68967
17014
40770
4676
61367
21904
3585
57407
2016
9726
14372
23321
59154
5889
55490
31815
7305
50022
54121
42288
41075
15504
53345
15670
41346
51512
1782
41611
31408
3503
2803
3480
13883
65351
70462
41762
11134
26247
50322
15128
59365
1650
36393
22103
66271
27711
66090
7483
54993
36125
69355
74979
4178
24342
35217
57777
36829
26004
70845
11022
46144
31008
59468
30322
69951
43854
67842
76632
4889
62071
25784
64345
61350
1657
31734
29317
31628
38
7087
28838
23698
76651
62800
21534
42970
28272
30755
48824
33487
60586
40442
54265
6633
25058
75089
38471
15335
29692
25296
25431
68340
33479
65668
26961
68023
28697
48304
72848
76475
50230
18277
23151
11314
71255
69202
15047
11447
31958
20378
52526
3565
64910
68170
17889
4095
43105
57480
43909
70154
47173
65224
45894
27349
32647
41754
34066
44916
63753
50611
60158
34709
3288
56335
12737
67376
56234
61744
4465
73163
30770
49678
38612
12478
36757
37315
47141
31551
76671
17670
68775
73405
59157
477
15262
3302
9463
60827
60771
54767
49457
72147
6324
51129
12286
39111
9733
16115
951
25940
70985
52191
56490
68846
69633
26862
15865
7065
584
26388
26701
43254
59405
69468
39388
57812
44391
49317
15303
17907
56283
10525
26922
29032
61681
5879
31677
15437
75915
10946
16573
51649
60606
24151
60275
75406
50912
43939
1516
30017
65788
13124
33207
29987
53433
29021
68975
20130
29089
24290
61335
4087
76293
54607
68404
39720
8454
63119
73066
13129
48958
62151
19858
54238
73028
41408
69847
71686
10857
75666
18849
58942
59507
15328
61088
66057
39645
31330
40225
7527
44700
23934
26184
51000
52546
37513
33500
68182
71167
34410
10287
30026
60536
63967
46337
36304
44539
24368
18751
25124
15210
12851
32895
51746
49703
65934
49937
71901
9663
38077
14160
18622
56665
8118
19895
50359
34293
67912
68066
71845
68375
13457
11378
76383
51191
19848
2940
15926
54795
76347
6853
67650
43201
9948
65072
27426
2514
68767
21354
70711
8869
31027
1012
74357
25279
7347
52908
43489
41574
75973
30592
62887
63992
59308
4071
74094
62025
2019
69096
13863
41874
72175
42036
12841
5125
31183
15352
23584
18719
28351
52540
48341
70665
14011
20464
39852
2837
68465
18936
53552
31216
58708
27776
31100
8558
41486
5554
29487
1008
37539
56720
12872
41017
59342
41647
53839
54105
66579
45833
23240
42506
14755
21932
33660
3343
55183
74138
73056
2970
70834
5618
1958
70307
62922
18773
14898
1202
34970
32137
9126
55938
59434
37022
14250
17399
43368
33330
39747
53867
67866
37492
64384
53250
26483
31646
15560
9434
7660
10039
40915
69114
15529
10069
39335
54083
60900
15508
70699
14811
74231
23770
32478
49501
5215
26185
47003
6771
15229
4264
17242
29996
41379
57265
9571
12590
46790
37747
40686
42508
5042
40577
13312
68274
10132
35254
69875
52070
14124
29800
3471
48188
53795
35148
2008
30424
35045
60656
35523
70523
26026
10755
53333
75685
12661
21257
12846
29677
7318
2406
57478
73720
18175
73523
28029
44450
68167
15936
50469
3614
62889
51675
69138
70986
19830
26047
40443
34158
28019
816
24614
75238
66289
9031
6963
33129
8872
60647
28728
35297
6555
18406
60920
17745
17352
66101
41998
21466
9691
61332
17028
48032
45456
63835
24167
31388
320
76300
47754
1532
10530
52802
27877
74968
38189
7051
46163
69290
45875
47950
28698
36501
14168
53862
71146
33210
