10600
57105
22784
5102
27514
33384
70446
32163
76466
14262
44310
63644
50371
41443
54859
34616
40663
51056
58824
1060
48772
47979
4861
63372
5043
483
24066
30870
44422
55857
50928
16422
29856
24878
22346
47169
14489
63962
51974
18774
11593
8863
1316
67126
15886
21870
9401
727
75965
70235
39050
21256
41798
34973
68571
22705
69955
42028
33639
37784
31645
43685
75092
65608
6958
27527
33326
20831
20476
22037
23867
23402
66621
15913
25106
45395
64049
50835
27397
65377
76778
1501
24862
10123
27425
75187
10651
3556
47736
74152
33239
69405
4211
63244
66056
31097
12620
35063
15921
54240
42163
54705
45955
55781
16930
10158
67518
75767
43496
70631
6096
67304
18266
64962
58291
66267
35750
34446
48241
5846
73908
65170
74043
18801
71794
41097
28045
71873
23138
41396
46625
1159
15521
59753
65075
56349
43742
18534
9997
45022
5424
26113
31597
76427
5559
29293
30417
19668
5336
32426
58388
65684
6515
69589
53531
37650
29404
4927
25738
27865
26451
67493
52808
71018
10315
3008
27895
54392
35249
66354
40868
46787
71111
41434
33523
52881
44179
25829
53033
1513
70715
39012
47482
1922
55019
24704
53217
43363
23060
3501
56324
19384
45451
14589
54157
74920
42731
15323
10378
68941
28762
62821
13357
21559
29720
3438
35986
26632
51752
26475
14780
40779
11078
26840
76234
9865
15675
24379
41799
5849
17135
58203
65649
70570
4490
67902
17641
76214
35843
44501
43637
19069
23784
14956
50568
64209
25787
1179
44587
12470
23613
60428
30773
10147
50096
33232
72223
41
12303
30675
30179
9880
7650
50242
18569
44911
6648
25795
61241
66181
47623
75269
14043
637
63382
67894
50661
20409
48217
16807
38445
5591
366
35098
55238
5099
41034
18739
65107
67367
38465
37241
39668
28360
4030
43196
71915
13262
69939
54860
4280
59716
65357
71667
68914
47495
75607
15085
56451
3314
4130
15803
62907
48823
4833
27920
33499
8260
17148
68324
56609
15361
31439
51108
46305
73326
21810
58074
62878
61937
18678
7501
39151
22117
39267
47776
30311
10532
53246
72742
34035
58808
45978
47787
39903
505
19306
72432
20183
7707
47343
17717
24174
53817
76685
25991
35791
48476
45424
6140
32379
869
21367
71245
7748
54349
16061
62239
35654
50423
69560
27946
26700
70027
20949
32041
67644
17231
23152
42701
44328
8537
67447
43724
14233
6080
28841
39
61316
10715
31551
65074
12983
37571
10862
2361
61218
26426
34456
15070
4791
36179
56938
58219
71976
46946
53901
11088
17940
67088
12632
13749
23191
29476
68528
34372
20257
3702
67112
49290
22999
28431
22976
74049
59877
35949
40603
58307
12223
36329
2734
61554
30130
41596
23926
45613
2016
297
26048
12604
20496
15659
63314
64983
35308
57752
12445
22606
42091
68458
33060
69421
12672
72592
13334
39837
13259
1448
32750
60348
70959
48603
67995
72255
852
22895
46747
51087
38414
29096
59255
32308
76801
25917
34447
58118
59836
17534
65080
52457
10734
17427
9074
53605
5061
20684
41312
72133
72687
37488
8166
56751
61955
7520
68109
37986
6672
4180
10730
33284
16693
54368
47868
19256
61060
27349
53896
45517
17039
62540
39757
33188
68545
67811
35409
35844
22392
69806
74326
68741
56558
54559
51098
22592
57729
22134
21969
58931
59
38993
29985
60869
69121
69597
53262
16100
6766
13181
67016
66781
7485
59640
74472
54319
62968
24097
15228
49498
51317
47155
37551
58640
41065
1354
26261
68437
47350
30718
69433
42404
70824
35327
41874
18045
5260
47143
14602
38188
3842
69864
26704
52909
7107
58468
44878
67344
48415
12776
60862
44631
21705
65286
28043
9209
18697
38327
51269
53182
2551
6034
55467
34522
43149
32887
43662
39384
49748
9345
67906
49423
67309
55261
28326
42937
73584
34130
71737
74335
11250
17899
28363
24552
12077
10996
20413
1414
43639
22749
18673
44067
22095
23601
47680
25478
3312
47247
65134
58193
47285
45446
74452
43084
25277
53450
8374
17008
24332
72019
72851
1957
59336
56484
62460
14530
44056
28832
8520
74312
73214
73607
52603
50648
23771
71796
56685
58236
63483
17481
37916
15634
41192
32672
51342
8760
43604
27450
16325
12412
43049
70206
36490
26728
47392
61482
21471
50387
56098
40368
55436
76475
62707
63597
12590
68895
47504
26684
39852
73766
34635
64745
61935
75272
12043
5806
23046
34295
58932
73488
49061
68707
44573
72595
39635
45332
1759
21312
15259
37126
1183
42861
30806
33192
47832
76239
51890
73978
48279
69750
44508
23593
49375
42189
73722
54944
19649
41708
72028
12289
32891
35027
26197
74341
69443
34305
10137
37032
72926
72923
1812
930
58457
41680
9726
58896
75818
28770
65726
17024
23719
52928
955
19704
59830
56974
31107
32312
18441
62135
72422
32859
76190
5753
35441
14360
64902
49684
65160
43680
23254
18840
15472
45543
49082
15298
7311
43818
64593
25490
3017
59488
53146
33868
8291
11320
39382
69622
66153
26400
18135
67025
71107
36053
39737
18821
39225
61174
58045
31381
40865
4403
49087
45751
23465
6469
44336
70468
73073
32939
70171
67551
48324
55575
9699
40297
56221
22911
48166
44743
50947
56561
23495
39630
71759
17382
62424
19664
30626
25226
68338
46411
70505
17508
14099
1942
65996
75350
75234
71223
54960
3330
26557
18205
14983
17141
62257
57903
59549
21281
44350
27692
40108
69615
40155
21126
71933
29106
69223
45282
16326
54338
30942
40230
1631
19153
58885
55934
40268
26410
76562
25315
10451
47576
15834
9790
41019
24327
65736
34997
59170
72510
42726
2763
3951
931
32189
54704
31220
44298
60455
61006
1614
44098
20275
43922
51786
74502
1835
38009
68572
20579
55766
58840
57494
53602
72607
71043
53229
33780
69925
31547
2695
22283
69715
27211
26573
51854
35912
35669
65076
13402
22484
21416
6353
4840
65707
9970
6673
39518
58120
19589
9673
43988
57211
60943
58988
10981
74790
50412
36223
12389
29166
1209
57426
66697
20202
19854
48357
66524
19066
62835
23072
35933
7422
75793
33566
58250
59583
47938
69790
28881
39432
6375
52631
52436
36152
75172
66967
1633
11621
22963
7870
69486
795
13093
60305
19080
68088
6868
65694
49183
31598
75709
57463
73541
13904
27562
35420
73739
59673
31026
59176
76057
3219
65869
28716
56233
59048
55574
70952
66615
68382
71962
9488
71053
32313
29699
33219
70988
39447
40054
66934
32992
68113
19636
76512
18016
50657
66661
8850
74506
36484
62010
14715
72018
62229
44985
46158
61076
2898
49068
60054
16558
6103
75611
72254
3191
20004
65296
35427
46510
69426
6725
6364
23677
59773
72761
57264
43021
41777
4384
30274
31953
28687
76101
64896
54221
45798
65110
11222
71808
3402
52538
15907
47716
70448
70231
59807
39349
6141
68214
58562
66571
45810
26131
37944
56142
4084
41072
55413
15915
38539
18466
65938
3229
44645
37661
38805
76266
59205
36077
8964
17006
4048
68917
38685
75966
21008
29412
60648
41894
69738
60583
74303
70704
47981
50002
64975
50679
38510
41217
43270
28505
51031
46398
45210
74558
33502
16285
70071
21112
68729
48092
63892
52506
39437
7040
50875
17946
20924
50421
48039
37545
42452
43498
53664
33790
76278
64252
33107
53872
49073
61059
9788
56840
3347
55839
1839
46161
25239
37688
46463
8572
36640
57924
29317
28081
5318
55525
53750
36880
6802
55695
39981
21899
46632
60073
47461
50884
25741
414
5865
42090
70161
69671
72101
70865
26528
22395
67081
51688
15328
66099
70103
66755
3650
58884
72640
73744
74529
2113
54385
33054
32590
45171
5958
53326
63703
23055
71315
25923
65719
19424
50849
76344
2167
70754
32563
42342
6429
53100
134
37206
53271
61260
53019
28818
14609
38211
9751
22951
21170
37811
33985
45032
47687
3928
74869
18396
75034
16628
2578
39079
15082
1807
56496
13928
41699
559
37198
26014
71851
7085
2403
61072
9890
68999
29460
46713
54566
69037
3981
15895
45145
39540
72694
8470
14312
14168
72010
63586
28485
2986
76451
38649
11909
30398
65352
31546
43318
4600
43469
61936
872
7445
15238
69787
60049
76238
11557
20591
54226
628
30966
42652
22015
2256
49831
6069
39915
62781
68864
53685
3693
61657
36489
71944
19003
72705
26290
9174
55414
4223
34329
28346
63258
65228
16380
69050
42275
23581
31246
21130
34923
66391
12984
23482
58003
27045
23149
18074
15201
40737
40221
44954
76684
38099
21331
1898
48472
38104
41012
17761
42633
69195
1643
30759
44778
48180
29144
4967
16301
20377
5141
22488
2219
63801
49824
56389
73888
36300
57679
1397
8864
2246
16745
58733
19616
38243
65293
37423
42558
19759
61500
72120
46749
21796
55649
65802
6728
64849
26015
37726
66326
6186
46267
17984
26955
6710
53565
24837
28437
18999
33038
46799
61018
58615
63440
25879
23911
75515
34112
16822
22767
62554
51608
27751
8215
66218
42002
4292
55448
20058
29806
38615
46722
70711
30963
982
47959
24804
62605
47438
23764
7515
42508
58207
69275
27916
38112
17954
43020
27893
64330
69021
5622
67945
26388
27122
71894
47925
2522
50483
75151
45374
46544
22091
51755
780
61156
28467
6
17854
48291
42628
23302
43037
7698
48624
37229
2377
28982
7294
44843
48375
26367
49067
5635
52109
24244
8707
62728
28526
66495
51490
27101
58227
236
5834
34017
31057
57371
16688
50029
54827
43888
58289
55713
64116
71106
10215
56985
14990
20929
53571
20606
19570
49996
30755
49546
75648
46806
19173
35910
2473
63184
66645
36793
67524
49829
47905
71988
24969
56554
24624
54176
20602
5743
3917
21187
39199
25656
66710
43580
42744
29541
63640
64540
16813
34510
58845
53041
71703
30078
42478
21122
33538
73200
59906
71092
48899
6134
37520
75236
39063
71807
66684
55219
74986
6716
68293
52717
59755
11083
8440
32121
49338
42750
39916
49752
17015
45189
33958
21098
53258
36261
28432
73861
2506
13308
15833
34015
18165
75883
69894
5183
40927
72044
61812
66038
56192
47735
25602
59379
40853
50513
6932
74166
2505
40942
14701
25271
47795
43802
10794
1383
6633
4252
32478
55117
52582
13838
56385
45335
4831
9652
43572
32172
71211
47434
19412
72608
23473
60993
66607
49489
18378
75765
50925
16085
55142
2464
21531
61138
72096
3422
62049
73595
56694
59437
68029
11796
46296
64734
70156
3005
12596
15407
58265
50158
76107
23334
34086
70165
19605
49769
23959
56709
21217
49949
31345
28898
30192
38244
39658
23540
68884
33113
14913
54885
76046
70470
11022
5717
35490
47271
33193
33266
2869
40656
76096
73596
13202
59698
64771
59757
53835
44450
65587
56945
22030
32814
31993
2475
73455
56604
15051
34269
7071
43375
67057
43284
7015
27688
66639
39559
55692
27174
4333
53945
31795
32089
29373
14505
22738
66966
36032
69703
39296
8648
46280
26460
67323
15200
14475
75792
71965
19395
1539
14273
56069
40265
51224
42137
68344
58104
42372
15631
4293
50664
65715
6718
16423
23583
61437
32956
37417
11160
45824
12692
9653
53496
71344
46106
65959
1381
59385
34308
19667
55053
32284
57474
51512
57799
7789
75283
67996
2774
12166
49668
53203
69429
23933
36927
7717
52377
24084
24185
23156
6853
81
69414
15700
29239
25050
19655
45497
56362
30330
61987
51046
13075
65830
65648
21609
10935
76535
58435
17924
40305
35539
75671
61702
37943
61379
15578
63681
49124
26570
47069
60972
12598
70775
18661
68938
26284
67519
75925
64674
29151
17733
9952
30399
42366
34206
6546
32078
12844
73162
44121
10537
35966
58012
5810
63034
22978
35883
58366
67165
11959
76583
39696
9595
31248
10959
33857
47377
50330
19731
47676
13711
21864
46
26236
71057
21591
52635
43266
9066
57281
63089
76035
26263
41550
43311
37542
2107
58359
30467
60302
42823
68817
68249
34681
63914
68153
28245
76614
21966
23125
19895
4944
19555
65521
28757
17078
1985
6277
40255
37518
6605
24738
69067
17140
41611
75877
26617
59687
36140
35666
32410
45199
4283
26506
48918
13721
73853
74087
25462
55050
39287
13797
65316
24595
18208
71032
57344
45854
3054
29371
60825
56200
54113
64339
45218
36265
61132
7118
44592
46984
19685
13204
20752
70432
55875
63805
43269
49843
2771
35154
12543
72094
73296
34377
45591
40613
746
64520
57932
51829
2407
38960
31117
32069
28950
62331
67178
69325
74891
46608
66352
13302
33337
6548
4370
49436
51957
5598
13818
69595
35488
42816
26726
7421
15672
26908
61309
67397
785
64958
2831
26220
68765
73577
63654
64489
43708
18783
42253
5936
41883
59428
62186
10491
65016
42482
48236
4404
70200
3261
59302
73318
67974
14479
24611
23890
73332
5637
38300
15406
42350
39552
3433
47047
44197
13513
27408
54380
33960
21036
28001
64583
8041
16592
10286
25786
50389
36355
140
14945
53744
33644
55384
9815
17674
58075
62753
34778
65799
51354
21715
11818
4933
38730
57991
18609
16043
13210
46751
32332
73112
668
45492
10346
44929
59271
46755
41744
43873
29079
4979
34384
31599
57360
6915
41344
51630
62277
14507
71881
13147
23474
55906
35094
72238
13323
62544
49742
70056
5263
23862
8460
9214
16630
72362
25957
14451
56109
61997
4968
24537
38957
21907
37548
69345
67758
69506
38302
54472
66769
35017
73973
54312
61117
74145
43965
51627
53677
25659
11028
35636
13628
67366
57005
33168
34501
43913
42143
1715
40650
34870
68973
70989
49178
47977
54498
27259
45406
71564
47195
10405
49215
24102
6637
31930
28252
47161
19992
47307
59056
11956
27902
61645
18919
28719
11604
65871
54633
20766
52329
22965
71197
29761
75760
6870
64224
43434
18510
19924
34754
72495
67930
75341
61920
55355
47167
16024
15998
3596
61698
38105
29791
14518
39223
34345
37283
10291
36393
611
3763
15385
38088
76109
29225
76123
31978
42206
61032
9180
19559
50001
5361
446
48702
48086
42534
27321
68463
21676
35481
43764
37794
49191
19139
6326
73683
39387
52459
1785
50441
60828
37123
34101
68663
16911
5147
47963
7336
28036
50618
21038
45786
9493
26865
42089
11564
57043
22865
44091
57775
11014
58563
1055
54900
15966
70628
1963
5939
11418
5294
44840
27901
60330
35940
1586
60312
49527
15346
18843
57831
49813
52719
38662
76752
72996
64956
71674
29630
66872
54881
14381
1068
55810
21976
36643
45002
52784
60071
51374
7993
28740
27577
5730
46482
20714
2133
61969
24786
75452
70242
62927
66388
7423
34620
36313
11669
69049
72191
67315
59183
65988
55298
21007
13531
44907
75227
67075
17450
38681
21066
28139
33485
3895
55466
54041
22442
55249
20368
48767
34731
46794
33722
45737
21108
13461
28889
13162
26872
57383
59840
40220
30748
2606
21079
39227
2353
59273
41376
28014
26360
3894
31415
38025
64782
71874
58055
1129
10168
14342
65372
10951
16372
1564
61617
62538
67740
69078
48301
53061
6032
52915
24706
76002
75185
35739
11191
44141
30902
18728
22190
7307
19692
56833
58248
20852
4613
47601
76645
24230
11891
38612
30091
39374
23315
37394
62083
38119
76465
17194
71429
68262
2791
28430
54852
60252
57465
38126
71201
57434
11067
28068
52160
74871
40728
38
63143
33863
26546
45107
12879
5585
69335
55503
49628
68168
32362
68451
45176
37466
63923
37420
33527
54673
47743
1185
65720
30455
64312
26667
18417
28292
34062
60256
33982
61424
6461
64534
63603
52760
66231
26073
23172
31991
28572
43176
15420
56749
40906
76672
8203
32921
22733
63412
21647
73871
1685
21556
35503
47589
41521
28237
76382
6669
2928
17415
29420
73939
69009
4026
43122
51386
5796
1610
14160
48352
28602
59441
31553
66049
2032
20835
53557
13593
57691
45745
6513
47823
42374
62314
61874
58490
48456
74671
64217
42933
359
59203
23995
28934
66374
2193
51045
75726
23203
12245
6226
5022
39875
65675
6139
49536
52197
33882
45079
12405
12427
3474
39902
39284
43274
63800
55354
74778
20517
72897
53748
2954
31390
65471
3126
65907
19210
52404
60016
17417
4612
8429
68912
8637
37281
53050
27752
50978
10557
31853
18808
2104
63305
75320
5047
6201
34181
15060
41359
18711
44381
33821
19026
63973
67917
50533
67550
74900
32775
69381
19274
41311
57345
22671
38954
5837
46190
6473
45479
35400
37313
12473
40114
29730
34652
24048
64981
31275
63232
1972
64451
38461
1515
64026
36137
47044
5329
48277
35033
40631
59886
954
64938
15917
73316
70880
681
49305
26832
17596
45096
13416
61550
64499
37810
76312
31798
1687
30406
60899
58408
32737
7440
30098
8831
19640
59262
56444
33184
11466
5720
51133
24378
58963
27065
7589
33
66995
63355
56677
67490
74822
15506
71845
39246
24395
31759
47581
52839
75901
69458
18777
6439
43800
73069
72572
70663
33463
17865
45572
67943
69023
72394
21056
24367
45297
31863
9361
863
74819
43780
27343
12477
39759
33179
41467
25179
65669
1473
17831
23972
7975
29237
67441
110
46069
19873
69689
6107
6222
35778
40405
48011
73403
48318
48311
4324
12325
11632
66499
38854
25205
43979
65638
42931
20192
27652
30800
18040
17992
5692
70987
10475
54711
42619
33604
516
2015
71241
30687
60851
34396
62985
31761
24058
69893
2864
17609
1598
9978
74395
62182
74338
53357
25135
1058
16949
19954
40119
58269
24434
59910
26119
62943
70501
15073
49167
43900
32579
10606
30109
54878
37877
38556
50857
19296
15628
1377
32459
61574
42678
27627
23324
11973
61494
19780
46741
54889
37365
33723
44219
38485
32031
71302
58843
66208
68989
66812
13074
26327
32391
26064
42857
63059
4687
60889
18696
20888
76255
75299
2435
14217
24387
3700
41272
60759
30037
43766
41355
30445
57014
429
72845
12149
51743
69899
53949
23834
28023
18839
51803
69587
21545
33285
30697
5181
66685
68627
43329
2889
46508
27507
58505
14404
24800
42912
29134
10997
26755
7925
48867
44615
59449
58493
70061
71072
74494
1867
43860
22358
75930
38186
55538
40678
33561
57824
18667
36182
39985
20557
64866
67665
945
76217
55192
19122
26401
8405
52446
53064
1447
58110
36957
19535
72056
20575
34016
23183
55406
27001
52501
33307
27656
54776
49535
50362
76269
71528
57177
16744
36229
61742
2436
25758
48848
45843
2156
51500
3979
22262
14843
66804
13719
63958
30119
59066
32049
20943
47081
60265
7768
39995
4035
57322
75553
23651
22202
9032
69239
60490
13054
46854
14915
11896
64222
8362
21268
22881
1940
33424
23646
7653
53507
47013
15948
49692
7317
8871
50802
30742
28227
73254
57403
76006
36790
68755
58757
10157
42014
75037
20706
22326
58716
59581
35973
23112
65416
71666
40793
36848
40933
37935
34036
33660
66598
36725
36606
43207
66445
63436
2073
30495
60484
8290
7516
32192
64590
41310
43515
48660
65773
11386
30960
58174
64126
11975
64446
10051
54773
60058
67274
21182
60283
24430
22543
41125
76083
40948
46767
56315
3032
29734
53063
52604
20123
24668
43652
28727
357
3662
75892
29422
31885
11190
70030
7186
55007
23454
63391
33943
6758
60011
49865
7358
11154
32040
46412
40078
58327
55628
67948
13418
71325
48925
28155
7711
73982
9854
49595
39853
16934
68559
49846
15255
22279
1703
10910
38728
29489
41348
7541
18757
22630
50171
39633
61776
73618
76038
9107
56399
17305
1224
19560
69445
24951
11990
30518
67535
19485
58394
9102
64131
28103
73682
37379
43130
46151
39671
45034
50634
29784
16518
40353
54448
66604
72350
51560
14041
8699
50527
60619
29798
3465
22482
37439
53603
20616
11872
22403
19525
27679
17838
12010
30768
10522
14261
838
7051
51169
58850
38305
13750
16066
18704
26184
11789
15928
62763
71115
8541
2474
74011
50176
44531
24676
59812
43308
58384
69544
55314
3439
36572
6606
29443
31932
13408
47491
17550
20580
67115
74391
67026
19289
23249
9129
60793
29613
26640
69777
67017
51129
7077
54713
65505
45998
43587
29831
67056
41733
9570
41293
22799
32093
69584
14705
6934
6167
67778
9561
36948
19218
41176
17341
10164
36660
46778
76534
33781
67487
20898
38536
17118
19909
61085
74583
66410
60754
55606
73373
60374
39611
15300
8378
72741
61823
20565
73191
11970
65457
34955
67005
66536
49724
71817
47127
63060
75199
21156
25209
64083
2629
38476
29081
3830
6748
51206
47235
64392
3810
55438
7344
15434
53332
76087
27839
12836
37322
35939
52499
33500
42769
35851
2830
61489
64669
7022
21535
66278
18826
16546
45524
38349
18071
29351
48587
26311
1852
72457
51411
11350
9875
42610
44640
72894
64530
43304
20055
26493
36603
73523
48914
53243
6410
47128
8821
5972
9932
8133
16435
62375
49259
51883
69368
76773
51770
68872
45134
73466
72201
75084
57770
92
5079
21841
68655
27810
25422
61397
43362
21394
25347
50714
6453
32962
31431
46841
73044
76106
52905
24474
21317
55746
46130
2563
44277
74330
1027
5945
41696
58391
35932
37614
55860
67583
66706
14190
70068
58616
45403
599
3530
44892
70554
35369
66479
2839
49932
28100
50397
33817
76050
43204
5979
74477
75631
552
5194
47063
76625
39047
36962
69241
28473
1843
25356
52394
49387
29117
48617
49888
6489
29900
76436
75627
27763
29794
2709
59324
5950
4445
20728
76000
34675
66107
5728
23480
69036
67715
44262
76599
49296
45942
49697
71119
60167
34210
51463
23971
57276
44484
49446
60814
34961
16226
15908
35723
38985
20559
22337
27528
47275
23602
69856
62726
44649
64944
71566
5035
735
19528
38906
15040
38174
16112
7626
55507
42497
1326
5791
16129
8210
26429
54146
55116
25518
72864
22904
33667
3393
30664
44853
72230
598
17151
43869
30420
5293
25088
12693
45911
59038
65321
59880
57283
49928
65273
39638
29683
29751
58645
60860
1746
58590
32880
24880
70640
18564
45481
48191
58259
21629
5056
589
19226
35354
52035
57611
43101
53780
6336
73237
59799
58894
8625
11244
26719
21356
15370
51097
28230
21453
34422
34665
41108
19637
2345
14244
16954
67544
11778
68165
24703
33395
1108
16010
69721
44749
1043
75626
34760
33311
42062
36897
74629
71041
67052
58122
41726
4552
39428
35929
62584
38658
21905
18736
32817
51593
35728
68241
47337
46950
16680
39872
46938
9319
27407
45805
25998
39724
68354
26122
23553
4635
50154
43567
68023
56054
40092
20384
6463
2741
39102
12809
22959
76704
53746
10130
43820
55639
32698
39094
36661
59163
47784
49701
70286
13258
29024
58979
55799
17849
16620
68791
56526
76355
72880
71100
332
28701
30814
44529
43513
64916
11001
18566
46688
38718
67042
17662
18415
49677
38030
35168
47974
26679
70247
62037
16336
20421
36149
75349
37395
12593
61469
20113
33447
63456
25846
40562
48521
26205
17157
29558
18261
67590
33066
37213
56008
66673
31697
43132
1087
19070
72368
51740
59373
47341
35212
69789
1733
31826
68129
30468
24645
11277
50965
11018
40735
13069
75327
76094
72005
19980
54549
2301
53569
20255
39708
37485
74678
68448
4116
54690
30148
69602
49687
7067
67724
62180
66788
10947
31915
16683
54075
30096
67636
581
22212
36726
9368
28332
48861
32896
8189
63053
29091
39784
68343
66771
46731
29818
20334
41212
47407
37
75028
30665
46979
48222
21552
19990
35101
11841
27700
60887
17400
54575
53928
52774
12290
2657
33237
60925
7140
30129
69610
27449
37607
2004
57315
11727
68474
36707
25809
14195
55965
30028
43849
9804
67132
56127
64548
46376
14579
36837
39026
35451
60758
41781
69358
42463
42138
33921
32175
52560
28855
2290
53661
35467
21118
21078
5266
63104
63993
5999
33111
5240
9929
69263
14354
31342
1074
15654
64726
45230
71822
23734
41509
49953
58887
55187
20456
46140
66729
75418
30184
14086
12720
22216
52470
56528
9206
29251
1127
882
52039
69860
73479
58941
12909
23100
2087
4364
24673
22892
13131
64884
40831
8066
22797
20240
42878
15614
53101
55107
11042
39248
2304
34160
30534
55468
42566
35878
39366
22079
28680
26970
32963
74722
4804
24020
48708
17262
65386
48096
10706
48406
67417
39576
53567
16689
71591
35169
39043
19614
37982
6008
19087
41044
54841
8784
30115
57228
14532
73131
23337
49594
64032
5623
7754
60669
55279
34071
61827
56395
72282
30384
12867
51282
47188
14033
18364
13940
30762
69519
64359
35253
39443
18544
38328
12013
27079
34899
71209
51643
16250
18294
28173
700
45033
24528
22948
21427
72567
23134
38645
15204
56425
27854
58650
64280
69107
27005
62066
232
43730
68581
12563
70950
62077
20364
25400
59433
39597
31692
18779
46331
11900
46075
59268
20598
25719
21219
36027
56798
39473
51823
66506
48930
16738
16189
69034
74909
73370
48950
32145
56647
48331
70195
41071
59949
28631
36418
12334
20324
49045
41204
17488
18596
41975
18233
21568
36899
60220
54283
8629
49223
35043
62048
51359
74487
5889
17049
41367
23757
23908
26156
63561
37534
48035
23404
34633
51388
75594
63744
69342
30514
16408
76303
57362
53307
44389
72314
55638
64247
58302
47841
38060
35855
12947
69618
50342
49056
247
5836
7375
50127
57838
21984
15208
36058
70330
14132
48577
43403
3093
34350
29156
45570
16790
61990
59850
17653
46260
75457
40643
58950
9193
12426
8504
19245
53765
62165
44143
12442
22624
31114
10084
35994
61392
45619
10446
34383
34904
24002
7042
11849
11104
76211
19908
65747
4506
61755
50429
71029
55321
52434
25193
26566
35469
8597
58373
45902
30041
26600
24121
73806
57542
75561
51983
38354
40704
11133
62914
15681
36205
23300
28565
7227
49991
27660
6240
76165
59218
70970
71435
10277
15245
15649
7291
57656
23761
62698
458
58196
51857
39771
59450
18430
44060
27984
62744
12677
21616
63346
20631
44717
68189
55288
64470
13930
48561
24943
25318
31948
8339
62333
25705
34057
8491
65947
76047
31293
62442
49922
56968
48194
51502
39439
67013
19892
42474
26583
39098
62865
26074
2381
48372
64259
16913
14189
60994
25581
75906
40952
39829
72533
18577
6057
36335
71936
67678
67690
29334
4486
22980
19303
72400
44764
28268
40734
19912
62366
44709
63733
44455
9483
44156
13440
214
57164
34201
48148
39237
1616
5654
5875
50425
51018
23088
59714
10873
40289
7810
68986
18828
38439
21824
65037
75469
17750
40050
64774
38068
22021
66914
7970
62505
12646
16727
3857
27062
23208
13811
38847
50866
61864
38598
69365
33956
76600
55216
10577
8518
57855
69582
72289
42336
26228
39126
57554
18338
47450
6004
8849
8047
51824
30168
17968
70373
60539
5449
12458
24598
72072
28932
6451
67242
6281
55251
330
50280
39735
23380
70680
41522
3378
27140
43213
62387
74914
73899
29442
65634
25260
49410
34413
28705
10231
39332
7492
7980
16292
46929
6403
62216
10409
11869
56473
823
22219
26808
42736
40247
32066
75447
23432
15596
42141
10627
71103
45391
22711
28729
56789
39655
23741
8710
35204
56111
12540
15698
58154
23230
51728
8184
54957
69159
8639
68053
34229
22035
41208
68820
33418
49379
32822
39011
69109
38118
26745
53527
66448
74117
20544
70197
1665
50435
14760
62036
72751
11383
74870
39235
37008
76153
39261
30457
10320
33267
54179
69950
18584
19161
49660
30459
47721
49725
2931
48421
47990
41111
47124
51838
63118
16638
875
75638
15007
30083
49714
60776
47183
61560
67854
38061
72654
69479
26568
11015
23188
13327
999
15801
12798
37530
20887
58718
30679
31047
42877
72578
10494
6892
6777
23993
53825
67556
23439
58452
1880
9177
74306
61596
51065
23607
66252
21345
75656
30733
68580
63825
35849
27059
66836
5311
21483
24504
60981
12437
16587
68066
60482
54952
13986
16339
16243
42460
32165
40508
18302
2366
71464
51579
62080
64535
24606
18421
75450
17890
32118
47099
48457
44431
6636
5346
75204
12781
24629
59994
50128
55706
76760
7733
22332
75062
73056
26606
74361
53088
49709
76738
40074
51334
66289
57035
29385
40133
41357
48627
37725
64043
49447
70337
8738
7258
32709
75454
9908
76086
10163
68019
59334
53767
76179
1902
7587
67192
34307
46484
17545
64943
60675
55186
28877
3697
14553
20349
31832
8227
4615
1333
25997
33195
7000
73097
47304
6977
74188
26036
41780
65032
76220
54640
39649
29397
72011
39107
48596
64368
70278
3118
7242
24767
13389
28203
54985
62241
20346
72901
16249
2729
16530
16225
23964
39938
71330
16850
63670
39060
539
545
62379
61790
12057
41058
75165
985
41227
11749
50411
25212
28657
29428
9658
67062
18915
71684
72146
65307
33045
18891
62652
64502
48817
8623
16649
35615
8889
39781
41416
40202
34163
29888
62399
73919
15497
7012
35492
44424
23431
2089
16119
16686
49545
1341
71249
76448
72624
64454
46861
59594
72269
40682
2029
37544
25270
21185
66541
52955
13044
42876
74935
26826
42020
40617
56651
67107
7138
68239
72445
68138
9629
54213
65038
1464
26051
64468
6687
73505
16410
23331
75502
24793
51680
15222
59588
26635
697
37299
13164
59413
309
38251
67566
61650
73082
60465
47245
4133
55155
72295
10095
24917
31491
72848
25045
19134
42727
17198
36241
67673
34435
76320
59042
24181
2044
71779
36543
15118
17495
76138
35372
44786
4447
73016
52280
12132
35506
58349
31035
9294
14046
22561
71127
41297
9039
17723
68518
25487
22233
44675
28647
25732
11164
23727
36213
41173
39090
68346
33119
6945
42197
59728
16209
29524
23298
34476
32815
29876
40206
26409
25697
69982
13198
64905
70543
51995
67743
887
37504
75478
55104
6053
48246
37478
32827
71353
61741
28050
56056
48923
59683
64834
42588
45352
33414
59223
4123
45007
42941
61697
50895
5977
34805
61634
30023
46171
42057
39582
39269
68696
35421
65922
30957
30943
21135
18009
10783
457
21970
43757
64591
30805
76384
40840
71784
10751
1781
76654
18835
12496
62945
3745
67520
76763
21393
6744
26148
67207
55148
12655
32776
44094
4655
34520
62171
11139
41215
49373
13272
66433
64963
76369
11861
34889
71232
18290
57576
68127
65008
44537
119
76509
63606
19620
43864
70896
53180
5136
48149
17296
35622
39309
66954
42567
46196
26782
61888
43442
7371
26057
63985
42943
23695
25558
34249
48042
37802
14370
32677
22170
12342
10007
21252
27991
68521
72831
13677
1773
48157
25477
32304
74985
53512
72272
71234
45318
31938
27808
51664
73619
25057
64665
29490
60270
2180
71006
31040
60608
39325
24264
4001
34448
64765
10636
12398
41093
9509
74782
22867
10359
76420
53049
45789
10488
35357
16138
74779
57811
73704
38635
5678
35764
72964
11058
9153
5458
73178
19761
73507
28502
53233
42926
57204
34749
11090
57447
9624
10743
74945
23924
51217
35697
44939
38953
13081
21308
65039
24546
48449
33855
7410
11168
1256
17581
38462
20428
16341
73757
44861
52234
13894
29372
6818
5968
64292
72349
68446
71967
17263
8775
43679
43718
23807
19754
26619
55960
71217
52835
26529
38405
50264
38686
61035
43411
31738
20566
51211
54759
37681
58662
13057
53
71843
10180
67940
29870
65673
45758
50777
21673
52366
52735
52937
33629
64493
71439
14550
7891
2574
3301
68823
54983
43495
56812
18878
30569
57825
14094
7808
74912
45445
3486
30504
55689
20134
14180
68438
42629
74346
30731
46011
52821
49723
35638
15971
36129
6305
39521
53303
17448
1041
50119
11096
25695
54792
55565
31156
60555
49148
68873
64498
58696
14200
9402
55004
62706
59921
6044
51726
65552
59232
66393
37432
31705
64253
41382
15715
44382
19903
18363
62075
16657
16531
9759
43690
72958
43481
31801
54108
40115
76222
38387
419
38452
36866
22429
34924
56573
20623
70354
30302
9543
64660
35756
74367
66537
50427
3146
52448
53007
14283
75176
67684
5264
74159
6663
48198
48496
8682
71472
17945
34586
66088
375
46766
12421
58479
3108
64875
13284
4708
68892
49233
12777
19301
30151
48703
61405
24996
54401
60695
68491
51694
59989
29552
53546
8247
33664
10185
52948
27401
5310
12150
21919
18063
63853
54464
17970
58953
15644
28755
57125
68811
34853
32610
28806
75456
62918
63324
38347
69855
33532
36248
55036
479
61267
35222
64086
33401
42712
2254
35925
16941
36626
24939
67058
14623
25381
9128
24456
44707
54211
10762
15802
52353
51383
43675
60642
48711
63851
52277
69606
68665
36075
11143
17134
938
23977
8100
19680
15093
1336
6773
38753
41165
42149
33999
4036
64991
28073
53670
52354
1148
36215
59392
28452
30581
27724
72709
69906
61793
45291
57934
73775
11832
54275
34392
8690
37899
55101
14608
70361
29094
68933
37346
4189
30799
64551
11412
30840
39602
33051
12009
5146
15979
13651
16065
42230
30850
38970
49638
72538
49219
12654
74034
18169
72395
14369
38939
66774
15593
72677
72546
74147
10965
48539
7098
34220
65299
6321
30209
26869
50756
29471
53495
60774
16139
61789
53499
65722
40870
31851
73638
64427
20871
43904
43118
24501
24007
45715
76658
70007
75904
1691
18414
73461
37703
72902
71527
76452
1306
19758
31931
16352
25683
8645
36192
2229
47850
33666
6182
44622
38014
59382
36544
8173
20427
56378
60705
8531
27043
10782
55255
36562
19970
12025
64526
41107
55571
57518
27768
617
58516
59191
63790
41973
49654
31096
6657
30497
55846
39270
46690
6194
46811
30689
45201
54405
74492
2250
33370
60883
23111
46894
73154
31242
67759
37232
31789
9975
52462
11674
22007
56826
56592
2700
62258
66281
33243
58125
8652
52332
28791
30984
69940
47083
20979
75292
18508
58617
13726
12575
55891
7765
56970
51605
13647
62390
46507
29859
27072
15633
65502
23369
40767
61025
55698
9505
71721
35982
41950
58989
68210
2322
31566
45114
56058
45865
43870
48827
51138
54412
20323
47265
16062
32147
40136
76163
50142
63037
26016
59766
18326
12853
16252
65805
42807
53736
21337
65525
6639
15881
74125
40986
53074
59432
39880
48339
55390
60494
22796
68494
72722
11031
4356
39802
31330
29012
17506
72718
20090
41715
70875
3557
18674
48183
64436
38608
48046
75745
10483
72594
26827
50915
20001
45774
43540
43381
17726
26890
9374
3729
8457
29893
11146
69911
12053
5921
1531
41589
39812
31221
16808
19792
12653
69975
32254
7942
73227
54311
14681
63924
20426
25805
70143
6640
60087
3280
51776
65407
55928
60723
11501
18866
10784
38190
72126
19835
34076
900
1352
72982
19888
10536
27558
64230
60425
18387
53338
66593
6816
6292
56166
25903
73223
39972
3048
52137
7833
17287
28751
48314
14111
39907
22698
59779
44043
34083
33592
10810
4415
18809
56331
55323
16963
38674
33347
48619
43635
32324
237
567
50286
53582
67973
16197
63186
33255
69918
2603
56035
16573
2940
70515
17023
6042
12683
57063
60128
42500
33256
46892
9479
35173
11279
52154
1780
42027
75260
42617
75266
1040
47700
34739
46742
31195
5511
60611
71391
16141
9474
70906
71253
13245
69870
51198
11589
15350
19710
18795
56627
64441
9364
43094
60142
12295
18941
39173
9838
48506
68118
64912
73116
22680
15498
35299
20137
67567
32374
15220
43803
58165
75038
10002
75482
27875
74860
5700
31762
5367
47121
74528
18494
42311
35165
39549
48156
53032
13184
7530
29862
32882
44284
34408
33701
70141
65742
46951
54743
29294
6290
58795
73970
56420
18900
61744
40877
12515
47082
2994
17485
56704
61631
39554
67305
60971
46229
16789
27499
28198
29241
44482
31022
24994
25905
76161
15142
44005
19380
36020
6086
502
38657
6701
14276
57484
1597
4787
13349
54106
76059
65833
20772
65488
53397
24424
11025
54811
42345
72159
72730
48244
1190
8037
46832
7263
11986
71901
76365
74300
37817
3891
20074
1976
41115
51792
40910
39782
17089
26825
59739
31535
48145
18671
64891
28824
39873
2950
22044
63260
22225
34816
40245
30746
67009
15893
53192
5454
49452
12162
16176
22853
73892
67884
7494
11009
27943
22200
29944
51981
69966
114
39622
67202
73167
56773
37962
656
5815
1311
64362
29423
52033
17658
20540
12474
14322
17327
53444
48400
47385
47481
2247
59700
31185
10456
44113
24666
67887
49644
27613
59928
31715
5397
22491
39359
71460
17765
74827
74571
5162
34289
18968
72627
46610
16484
6678
62144
34440
15511
15109
13303
59736
12023
18965
47588
1857
36506
55847
75514
32306
36474
40873
5494
56959
74483
17969
31807
74392
29046
65232
10435
5764
22376
74567
62959
29209
50700
21323
73209
54318
2790
74520
5639
59936
6502
4864
55329
34915
732
28296
50229
7846
27061
5747
70014
33841
3770
40163
75285
6384
47100
32828
22813
69770
75073
53305
19059
21052
12273
34102
65583
17956
30987
49513
46534
58240
68197
5621
24964
29408
47701
41017
35853
45061
55168
38400
67532
55841
3937
74763
44326
44723
25215
31025
5596
75351
58202
59408
47684
12257
30839
71081
20219
22426
13243
22089
13875
65145
37124
63111
21839
30531
39618
70705
4070
34838
18331
55852
8265
22531
75313
46197
34554
66419
64465
44211
57218
9237
54664
43569
70116
21691
62070
9898
24987
20682
13547
70983
7142
48420
17093
71204
48529
16440
30113
75275
8950
29839
36024
29753
34279
67182
46873
41918
27378
24709
62645
15610
50946
1520
15807
39087
12338
34647
51874
26622
54259
45346
1155
75519
15424
1772
39423
76044
19171
47565
65878
1583
43678
17574
14663
33962
62412
26770
70549
1702
54104
56379
44020
33591
45140
5185
4185
42307
76351
48196
57166
23253
63230
67814
20537
51095
64815
32838
67496
19446
69321
29200
27369
65508
74046
74042
38560
9248
75198
49362
10061
39377
12978
47284
27531
13305
21679
32291
44138
17227
54073
58304
59338
71136
32546
59465
41689
28972
4021
72605
37164
27458
48927
10414
62633
4847
63618
2589
49448
8510
34861
43185
58245
48853
61953
42867
30056
31608
5414
72371
31058
22743
46968
70512
61524
29749
28989
31555
36830
1212
32270
11130
69742
27258
13933
17247
10948
5818
73148
60245
69726
43623
19648
53590
21295
35050
64605
14728
51174
6258
16596
17256
58325
53794
35402
45421
68191
50760
57256
37361
9504
64231
61444
28978
28535
42899
70338
6397
36073
62337
26143
32268
59890
36691
53832
25840
55651
9745
15936
73755
65005
75116
70513
19791
52677
24237
10871
2298
47257
38855
49995
65658
5809
73111
59548
49366
44253
68007
73366
51959
39628
23342
24303
22668
8377
28185
24250
10143
25146
22136
38619
41237
63302
47991
38092
35747
36749
13448
12335
69355
19516
45884
54516
27316
72883
55138
68824
32724
46992
41718
57933
40879
35663
10274
1170
63622
37278
9527
8086
75280
55668
8222
69831
22759
41119
69959
26758
14296
44550
39257
14252
44793
10482
61501
71918
3550
4174
9497
407
19539
22171
8053
43314
33829
40886
27929
35408
42988
7159
71002
63626
66195
2601
27712
20162
61150
12095
29745
42957
19749
50712
57908
33322
48364
59086
47891
26680
39921
7211
8448
56645
3125
2069
73322
9373
30901
7060
75682
40183
40203
61760
52017
66198
33044
11933
46636
56643
18538
38156
57418
50970
52606
63298
70283
20311
48026
14831
68299
19571
52222
16529
9781
47200
27305
70369
65496
36989
33838
23652
45264
32722
36445
61259
54861
37412
45028
37566
43398
70213
42430
9176
50566
75874
47619
48258
7280
32599
32095
64207
63069
3926
26147
32866
66128
18730
76638
28339
69887
63634
15253
68407
28517
8840
58480
66238
6827
32683
12396
73729
19773
21441
28960
17904
67014
3342
63717
44772
42083
10949
7443
57396
37649
65712
2028
54345
23535
24867
29049
23604
24569
26882
49946
12018
43636
54190
3089
72621
24245
40417
71594
34800
63265
43421
32783
70340
2845
25161
50252
19586
63576
18752
72442
7508
21102
37141
51598
17979
62833
14141
35632
30177
33911
43721
62691
35702
1062
73702
64955
64002
73046
74743
42875
38628
46757
72743
16454
35022
57390
32582
17132
57971
10214
64254
38194
6302
30923
4629
40418
9879
69316
52383
65133
27582
19082
35178
48636
60781
15019
38964
57153
41712
47196
12131
8901
40175
11496
65156
14081
74635
76374
7793
40750
62938
60150
63101
20117
24985
6704
1363
18450
19594
29582
70945
67097
26864
40602
47022
8673
50306
67954
53249
1624
71714
51845
50962
55015
10711
9760
7271
2588
5605
8658
2339
68286
7197
64592
64882
8968
70003
29672
6259
75744
1563
60926
33513
9445
30763
39619
15071
13030
34662
36779
67588
23160
54361
40966
2263
61510
9043
1488
65088
70222
4217
4186
41815
59828
1730
61390
29065
40784
58309
18881
33944
1745
54882
32725
76734
62247
32152
1577
16005
69850
51511
4640
14687
52963
41271
62559
36128
74037
63405
38304
75878
20556
37455
38651
13844
38466
5610
41626
16256
70981
1775
16527
48969
45452
18249
58097
10267
25880
53365
68903
32044
21073
22419
50454
49198
3789
5669
66348
54631
37006
76140
54019
42672
63689
14666
43087
12435
35528
6675
2518
56446
7701
32303
4976
7246
32784
26416
24135
51761
21887
46408
28903
68826
75688
12460
13630
15463
67440
69222
1405
6623
19377
63991
6903
67947
68362
40605
74714
73105
51043
17718
50815
52445
24291
38380
19592
2352
16091
67953
75002
378
22412
29473
66809
6585
5824
21155
49671
72482
20447
28869
12495
20928
58677
26083
31570
17071
2114
4544
50728
70238
5409
27907
75156
54680
23570
40993
64317
17309
33940
42967
15667
69709
17108
49885
60033
48532
30089
50087
35087
59445
42466
17473
52299
10701
67211
5696
35752
24946
1747
18639
12832
61828
54581
9554
10857
10993
96
37536
23614
19962
1015
49552
65256
26208
73011
57649
2503
11239
27370
65542
615
53448
59211
44335
58495
59090
46696
46908
33905
38909
16590
54796
42805
33082
43868
22810
12628
31912
69798
23381
70464
10837
55515
39343
40830
50148
47922
34859
6609
51379
59939
8815
5515
38714
71284
44103
47653
65872
68775
41256
40731
58466
75690
61553
70759
41152
44885
73177
20916
53030
31135
13353
14462
2171
70479
4045
67656
53055
797
15456
4699
37112
27585
65533
52303
75246
44689
42415
50630
59208
57130
52651
70255
12498
26578
28004
51843
15975
70626
73854
53959
71401
8289
27066
66108
5408
22367
27706
55603
75811
3587
26587
60438
64316
45967
8034
68677
31251
49550
20681
31580
25291
50223
67533
50099
32627
57963
19997
42507
12717
16374
12689
8396
56086
44082
54756
34987
1428
4850
30753
44302
37746
34841
51774
3206
67071
64638
74542
31436
20735
21251
69066
24510
70717
59388
12828
75809
72772
60094
64386
34686
12840
16579
45277
49830
12641
9350
25496
26433
68922
65361
59117
42308
5373
2331
29044
13759
5828
57445
73885
53861
32549
73334
52626
52378
48562
4803
67129
10635
9226
1277
50831
2009
61215
44753
30383
11587
75974
62138
54790
63133
57229
38209
66059
34886
65442
22989
50046
22807
2760
7687
35298
13091
31537
58007
45646
21844
72063
4463
68428
30252
41909
58046
60502
67094
41878
53707
47381
4260
44734
8194
75791
2870
40675
28608
6020
71477
30342
32922
62272
62200
39924
7759
9221
14874
20177
25227
31550
41740
17786
25030
6500
15025
55684
46810
35820
38073
34089
46989
20690
20668
43219
48249
27181
38409
40583
67557
36939
16314
34205
59860
20803
25610
64353
55012
16604
47705
11071
3124
57278
62510
70154
58093
16262
72920
16248
27029
65683
4075
23954
40419
1508
10365
7987
47946
23932
45714
10927
66600
69546
52803
72431
22595
47928
35760
70375
41794
53715
33557
8989
46448
48673
63209
14871
73189
41337
33159
63934
45439
60875
29744
41774
75788
63261
21646
7315
45873
26993
48211
23419
17748
33316
8330
61244
74843
75322
57781
15963
36699
50854
60158
63952
33072
56931
64196
55709
8996
67742
59036
21579
15601
36597
27900
7132
27018
41929
62453
68554
21882
61245
66712
58500
58581
46272
38315
47301
38021
51212
12919
5645
19647
17494
12136
7637
66799
21177
6617
21912
37972
25718
52141
75696
52337
33725
71719
13724
32319
66069
19728
67186
31872
139
15435
23175
35171
8962
23664
8689
27157
72950
20492
50369
31515
57758
75564
15568
3112
59898
55324
55280
27674
40655
39882
39365
1458
76079
62822
56135
39054
53459
53615
70881
38324
55214
57324
60872
63959
76379
36402
49756
15183
31433
18509
2979
12483
35471
52987
15576
66911
76029
12117
38838
43858
73867
1615
8306
33820
7607
44870
35486
71452
31303
35803
30698
14055
36416
39336
68860
56873
55120
72166
44485
50548
42586
43671
31725
42972
28893
11802
50438
30228
40291
39430
66226
7093
70966
33138
68036
12356
74055
58628
43491
19994
67237
46995
51253
56872
57192
17697
5340
69981
59872
37904
62940
13765
56921
42756
6812
36200
14239
49591
3608
15655
31667
68374
53841
56235
73999
27628
16434
56409
15029
45279
43698
877
65765
63076
57532
38745
1866
60733
31011
40813
11668
14163
22702
63061
29653
33861
60237
38725
36529
39772
28764
47003
15762
44883
55109
19022
15840
2384
634
65995
20184
22024
59041
8535
18747
36066
69834
13671
75829
41021
57913
5899
70619
66866
23563
9280
52981
61621
21075
1495
17168
29267
34574
37022
25523
32124
38127
43676
46322
68187
38075
3634
74196
46270
36395
68551
59103
12317
76213
54837
42384
20619
974
32988
12490
72715
65623
66830
13793
17852
57127
10075
16152
18727
31840
24690
14881
29681
69482
42691
63617
41575
224
71312
74268
19836
40856
30898
32190
58487
51307
47685
71495
39950
51278
28944
4513
11642
47477
75795
12648
38143
44051
18367
11276
7503
52433
71091
11402
63608
9947
24548
28846
26567
58711
9340
46217
59426
75136
16526
40489
34065
4446
249
30945
31164
46108
1478
48877
59977
31445
7671
17962
55774
45689
72808
30815
28695
30133
27415
21296
52641
58921
9604
31272
9105
29208
39869
52806
51262
24337
18393
10145
13975
57442
24529
522
26733
56971
60027
76131
38199
63198
62159
1594
56489
21407
3855
64812
71339
40084
38395
50367
68021
495
53066
30077
70924
6244
38607
19747
11452
34418
745
63910
66503
30107
56
60021
35058
33440
1038
46791
55549
3275
72620
558
72523
11539
60773
3265
65827
13453
57718
8321
48112
69794
39532
2000
8218
65713
72027
2058
52274
7860
54327
73327
23048
62416
35109
40450
71157
33903
24228
25064
39992
53541
7380
7260
31596
3306
22422
22289
32950
37042
61453
65949
6526
76111
72842
60303
1285
38905
15340
426
65337
2289
8001
30263
65230
53518
22441
28167
70548
21670
34970
73652
4317
45265
68105
57378
27722
21009
45617
59656
62483
64744
62866
33980
28130
19304
43962
32601
47072
2827
35454
11625
30526
55270
54763
7006
40799
15254
46176
856
30723
56506
45580
8502
26539
57797
63181
18207
3549
30754
34492
72985
36576
55295
36322
7182
17072
44165
73256
2982
43523
6574
46556
71094
21364
74231
67587
24044
48828
38528
38923
58504
6881
75466
9144
16192
42873
51220
22180
19846
54697
2835
20850
68377
27361
74672
4414
21527
8279
21944
10090
32796
76558
74503
35796
69359
65430
69545
37762
68282
35445
13639
58277
13165
70840
71570
29721
22435
3546
28963
63057
62184
40089
16749
22708
58128
64661
26160
74146
66689
65368
46078
58157
52655
35930
13956
32569
42052
26464
1956
7554
6707
18257
10422
43472
48029
16104
72440
41979
59160
64132
29814
18457
65815
61694
23362
30505
55239
60722
34622
70812
4216
49473
54557
8795
64694
50122
64621
27335
30441
19465
23284
46804
2375
36317
60216
4451
45505
23532
55235
70575
8739
35135
9507
68267
48134
62537
55556
53345
45624
35619
64704
12682
67888
66664
62749
57220
37376
4585
72568
58271
18042
29290
29727
29853
40567
67988
72189
61876
13227
19998
11494
7381
13991
9689
2989
26175
5053
47302
10236
11640
15827
11540
59822
8124
56317
63304
30328
5435
68974
2187
20465
1818
34093
52113
42924
55003
43859
65040
72762
44556
9257
49092
30266
14493
23416
10657
33197
565
45052
37763
64702
32979
16406
71805
55028
49048
72364
54209
46859
2142
2972
67666
3510
30150
54768
2996
57053
3224
27055
42920
16307
1200
48481
74200
49903
31079
8303
67092
63708
23786
53913
73147
35711
65449
36006
36018
68751
13983
52029
50927
57708
9331
44828
59126
32807
27246
24490
44799
6050
71367
3727
51846
21697
42491
31831
35579
19627
33649
70868
76051
24006
18740
38978
62389
45073
49557
54999
34971
10710
2068
44848
73966
65369
21051
10150
33132
34619
40543
61785
7462
32980
10903
36311
67109
71025
62094
35220
63900
22074
46605
63379
4233
66655
50951
20994
46105
47896
2533
18178
13110
34493
50353
70109
60333
56669
69948
66207
11729
46684
64260
58595
30884
4752
32650
13970
52059
15389
39865
46121
177
8271
1810
16000
37603
6509
17938
75961
33933
45045
36337
39131
43875
43902
24248
47846
65541
33733
35802
56983
54954
6215
18785
72174
25361
42614
825
48411
73054
35090
35153
74160
47932
49915
16163
55362
19343
16936
67310
5918
37801
38688
29824
51053
58732
59654
25275
36920
54804
36422
45930
40902
12610
57513
41948
40528
22100
35146
35512
70805
54579
47862
72309
60247
59731
73027
5122
50355
58914
56851
29067
23171
72318
63294
59102
48111
71922
35556
24812
41660
4919
56143
70021
43959
58404
39686
15292
4039
6964
76270
35010
64200
8380
73090
23707
36692
59157
50205
57181
17922
1264
1551
60600
13560
62971
27135
74615
14225
20009
62690
15166
20392
70316
57690
63664
73511
7745
71763
31769
14406
2011
11888
7592
13469
58717
12038
44093
25171
44007
9073
36406
46368
28872
44466
38668
1136
27234
7599
58103
38781
67784
18248
25259
3691
2244
18601
27439
64401
61169
20036
12937
53534
62407
75171
60543
22276
23685
59965
25006
1641
34400
37796
18818
17360
38592
36302
2417
17998
60928
62478
2130
6026
31475
7476
68408
74264
7240
17796
27049
54696
74258
9681
74108
38392
30433
43103
5258
15138
39643
67863
64777
48557
53957
31504
16826
2395
10141
69540
75694
17377
65104
14089
48687
31980
45886
59797
35131
58596
55870
33191
57242
26343
41838
20576
16776
48748
17564
30239
57466
12030
59127
48847
55449
66275
76385
15270
4464
53410
51506
12476
11274
55045
19259
8564
62646
37891
3938
26750
41336
24234
69830
58115
19801
1778
43559
13524
21274
30295
71471
45510
49574
14478
70878
41583
29555
70000
59730
59293
22565
57496
50837
31934
71514
28983
50358
4489
11362
45304
30391
29492
73276
11460
37723
738
1483
61334
33902
7767
53186
25664
68763
74775
26668
13233
27338
57809
39256
34891
11870
33988
49463
60602
46681
34100
70563
48540
16012
69731
54775
36840
15566
28134
61135
35501
44256
54135
62593
53695
59693
27153
48972
5785
50337
28556
34703
44789
21948
35459
49959
63063
64937
31438
65302
773
57567
50556
13932
63255
25499
63064
45672
63072
39805
46611
22938
72843
56014
59309
28492
32789
28728
64147
69274
16007
73680
63505
76322
58226
34815
68080
28381
1804
23121
16147
76071
27435
7954
36334
40479
52214
47598
33058
33345
11633
21353
76328
37208
15546
59395
12449
2094
75976
23603
8471
58911
57918
57302
15989
44363
22029
9326
40044
56570
65233
8622
12485
47637
75346
56999
40595
27985
18109
63509
43086
35397
52314
65025
63756
22954
29867
25104
48333
57023
41414
28555
1021
4586
72148
65708
7585
51698
38210
847
13287
54281
30364
31843
61106
14547
13077
69083
75481
49412
26479
31049
55198
27914
13994
45681
29887
60858
61107
23782
45839
59775
63342
33427
15395
63275
73525
43892
17458
23657
62625
63697
1020
1951
4378
15461
65831
53247
6691
11002
13697
58721
11878
58553
49551
63944
24588
66424
57462
58340
58715
31018
5405
11932
49966
70903
6655
51480
4
4838
66298
9439
33845
47310
31378
29615
73747
20969
52328
29626
36397
30166
55001
36589
10886
59374
5978
9289
41597
21995
34714
10562
64250
67084
27424
63524
53967
29551
12005
46748
21138
57323
37834
30861
27563
65406
10553
41419
2420
46822
984
10133
32345
51346
50380
16736
28628
33410
37639
15102
11708
21982
36203
19916
9311
29525
64117
35218
14443
59823
57919
29382
29930
48257
61905
75544
14313
30357
54156
60372
15855
47405
26151
43344
65013
20783
61097
70679
61492
51702
54025
12344
20779
1252
25023
55822
2487
41500
6033
12262
45629
19405
12694
38810
72698
62986
26877
1903
5870
10988
68274
62046
27566
25100
35854
12854
43041
15457
46917
32916
46533
2091
65330
21012
12802
58684
52489
60819
40711
14101
12265
5738
13588
16403
32318
68575
49611
29719
57510
69723
34636
68454
1019
68705
47370
38677
12284
24108
10804
42615
59662
23047
69138
52363
36169
27143
69396
40082
5533
60806
56202
31565
19403
23795
29918
74727
30450
7447
28503
6007
34271
75905
69837
2200
72266
46432
18488
34402
43200
44570
22204
3757
4579
68392
2699
60026
27148
48721
72916
62919
33412
30356
25450
50709
65882
53574
71425
44676
55421
73657
1101
40837
47600
31766
68939
17362
76202
51781
30517
47401
18237
41682
1700
63971
44823
41914
43280
6252
18268
58734
62928
18526
1493
7930
59804
1286
65394
28674
60637
36113
53988
14696
31557
61315
69846
60589
57568
5618
226
22808
228
14992
40005
69620
32743
13631
36800
15643
15044
63870
20707
67409
59001
38584
30906
6480
12306
57375
45990
4540
67341
3674
1198
12194
44651
53048
32753
18551
54178
52010
65141
17292
23858
31617
37875
53624
18224
48025
30617
48174
31927
63635
62102
58134
64215
43669
75003
36243
30071
53697
60334
4227
19686
30669
74697
74459
40469
56238
20747
71754
34410
8619
59960
14817
44494
14291
16291
46083
13385
33367
73052
33512
49437
28676
70049
60597
2930
11865
14162
45898
21242
68681
73537
62196
6830
4436
47961
13935
3642
18336
39976
16199
14215
55171
35555
34204
10637
62209
42533
47967
18203
293
76201
47568
43072
53118
68266
48502
49650
43187
1191
3446
31500
28593
75304
74181
9362
14419
70915
70743
34397
71553
22224
71187
11825
30014
43082
24259
33676
73779
10015
53457
24587
59732
66196
9729
18775
50440
66339
53853
14801
35540
36885
15390
19053
55788
41735
42461
28345
11966
65710
67002
26172
69528
34589
42685
6508
8610
34114
36706
74279
68776
45999
47952
54048
47484
6219
57279
69771
71165
5602
71931
7201
38898
71259
40121
3731
54297
62169
36264
44833
21707
61891
71765
59868
11538
60782
74582
69097
34849
59481
2959
10097
74493
74917
65981
26312
16461
71229
23014
39191
29612
11304
50432
56076
36686
58303
49847
8638
32961
72051
11365
43419
14113
8763
23168
44621
45141
44759
70133
38432
67764
4290
40630
21431
19276
49189
1275
25235
22087
53537
66862
18848
58160
70350
34194
7265
64354
10548
21243
18799
25237
1582
44618
31288
38836
62651
50564
27912
66919
73485
17372
61846
75699
19444
5951
18687
23647
42285
54783
75335
23519
13641
37620
4330
15656
4300
59161
74699
55059
41377
21212
1750
28826
9051
38468
13023
51760
33071
12578
50076
20554
16734
68180
66011
37414
32407
18182
63842
37872
19074
53319
68661
6093
25378
52921
31850
1954
67379
57316
47866
66509
42854
76714
57657
5206
48175
13470
20577
35344
68333
2708
67714
22000
36950
28673
57674
61837
22173
58231
73206
17975
20188
69462
57469
61257
6769
49070
73636
11690
3641
15401
58573
35306
62475
76177
43866
23805
4666
68934
29369
71935
24907
55807
46014
6852
30412
66450
73407
18348
50146
908
1861
57975
63404
34373
46967
64098
46575
21846
23424
53844
57700
69228
5143
29942
10063
69225
21730
30774
37384
42831
15695
46266
144
67471
40224
60727
34866
74574
70461
52510
75890
68231
45378
37051
12207
37848
3803
20133
24445
60646
18254
15399
58731
53035
44705
47665
47000
72308
33632
21843
31575
12669
37636
8428
13485
61820
13146
34625
67485
45315
76702
22226
23158
21223
25559
23641
7214
27188
40137
47404
30264
28194
75220
28152
4939
34364
29453
70176
44015
18911
25244
73405
33872
41246
49321
38683
14810
69281
69759
72838
41877
46208
60457
55967
30637
73499
23352
60223
49923
12397
7164
63290
44899
15112
39961
6089
14858
76442
13559
48635
33510
41620
4065
76504
466
37881
69960
72270
44344
76580
4712
49788
73825
8208
38888
15001
36258
62308
15922
38003
26778
8430
18053
13645
46053
24941
75567
25069
16244
37370
10736
19538
62105
76506
55925
54060
20029
3543
2865
45727
20839
71652
15804
38562
31999
59356
4902
11544
57398
28026
1073
70589
68510
34106
59059
64719
65888
53818
69736
69285
9962
2033
22789
76785
28707
32617
48319
17569
4226
11477
52853
37961
51002
29240
22431
39627
11650
31739
51973
5359
13061
16462
56871
1522
39132
9003
44096
6536
57868
46170
45015
11269
29916
48533
6794
47906
5209
34136
70723
73727
53116
54101
74794
61826
29005
21772
49065
25728
21927
54874
43305
8868
52813
37158
66859
33302
25556
42001
51844
75923
30981
19779
42642
56837
29221
23944
15357
10693
51955
44489
45688
19695
7712
48154
19040
10433
23481
18281
30312
45780
42178
38043
14785
68401
46881
63559
19976
37531
21765
12886
12611
51757
74287
45925
10998
4842
418
30464
21724
11310
20550
55586
31635
12464
25377
52094
42575
37831
65834
3964
40388
5552
45740
13019
39114
24370
51707
70547
46882
50654
52440
553
48484
71696
45293
20481
51559
32080
58141
71434
6813
72112
19748
74149
52172
45077
67143
14751
4569
56353
30473
13678
21991
4625
44661
68156
71457
75459
15024
20306
55577
76703
23896
38076
59552
4756
35436
18088
13511
26987
14786
28532
14061
46515
30953
57210
76453
16611
4943
60509
3959
5575
45916
60531
1841
62146
41871
73446
58005
42892
44230
54558
37155
52309
7095
17440
74598
2653
53662
5659
71927
34525
55912
28117
42123
59657
24465
42669
60562
40775
32574
7359
43206
37759
54563
62911
71889
24532
67736
23020
69821
30366
19095
52567
59609
12123
49063
32361
56969
63014
16495
45744
53223
51927
23838
41322
59696
25073
52866
11685
33143
55814
17621
27400
52767
71790
18910
67230
28348
44404
3746
21411
47064
2859
63619
66907
47496
70245
533
38546
33652
52233
75446
44119
58565
58441
32503
41381
65445
66018
9630
29693
45583
10156
4619
35277
35031
51274
2319
21858
3657
44285
13471
76708
54810
53312
29006
61347
41727
73705
6274
54842
21926
21753
41235
7299
17520
47357
29328
54923
2439
46792
12979
11312
62265
31647
60824
59645
55070
27964
75715
73990
73517
60650
36695
50979
16537
21342
25946
14829
7189
4882
41098
12704
19207
35842
24722
66136
76741
67226
9943
71533
64101
45885
19868
22868
54098
25313
72532
13120
30291
67704
43120
13476
71695
57437
25223
66197
41772
24205
24313
17489
9723
38965
52565
5315
67117
56718
8692
2277
5770
40615
15579
36316
5164
46513
67979
3158
40210
73996
28951
19310
35699
3560
13251
75009
59916
11570
61541
74223
60786
55223
59754
66347
39449
16082
69273
3098
4697
9145
12283
66110
21145
7055
59572
61170
24398
59364
2327
28541
21023
62727
3996
62818
64308
63158
46839
70580
8523
51832
72280
27352
24823
18920
68028
17693
40943
61615
57488
68174
21147
58184
58851
45300
64996
15819
40444
47640
19579
57862
72493
76767
2022
69341
14695
3859
73735
32283
44325
9335
5538
61918
10688
72485
31031
67516
5530
40713
50867
14856
12141
9819
43167
66007
70503
62637
22178
32194
15206
61443
38299
43268
56052
15134
64219
64692
18354
66139
29843
60235
38867
9771
33847
46557
38820
5941
36091
6953
48563
35041
37383
39181
58318
16875
17211
65664
3051
20620
8851
12868
21261
31190
59393
3059
71220
43259
67043
55673
24566
1380
1399
13546
33553
208
2796
18972
51737
3298
18715
7117
3339
3235
34988
43044
17457
43348
63246
32440
12274
64550
2006
42885
75125
29795
23710
16203
34344
1390
37247
6543
9219
58428
61518
39212
19634
38707
23289
32420
43628
41145
55301
21148
57294
18422
63431
58525
13926
16207
66813
54668
22997
72212
10518
64843
24431
48698
61203
8453
76646
70886
38451
75018
10623
23572
32330
36274
75224
17990
15516
9044
3207
63102
76252
44858
47801
9271
46347
66221
18191
73277
35884
33123
63337
5306
60323
24553
41899
76445
9677
4380
39290
73171
72737
72610
49161
12403
47914
27107
38165
14401
21488
69599
65470
4104
41932
44568
35785
75573
74850
55940
60376
42481
14135
4729
46039
44546
19889
53328
45261
25850
34228
53306
40233
46335
55034
24392
67895
40037
70941
49891
24538
35745
42232
19750
62122
20388
39588
69214
25715
9636
11089
11819
76043
63786
5992
2126
35616
68615
24702
69112
41984
2981
66980
40800
34390
20332
26833
62754
65473
58799
37100
5504
19853
14675
33091
13382
46905
12752
67505
69196
32258
16342
58535
19964
40939
75618
56272
29438
62291
21456
50819
35889
9955
53626
74276
24780
7355
11673
31507
59328
50061
66094
37120
24573
33757
56998
34004
53447
14823
74348
55831
56128
71700
4888
63183
75669
10238
9453
46261
32134
41949
4426
43128
53204
57598
2078
4215
24304
37354
76473
66385
49828
31338
71950
10479
36810
27516
34537
45829
49726
28392
20136
40141
71216
73926
5027
40758
60407
15276
12607
67177
48879
23441
37973
28600
10547
9403
10924
34976
35278
61959
1757
51509
59825
54241
74659
9896
54580
57577
46159
27074
59298
62995
53910
7477
59212
34887
17655
56455
40937
65042
41872
73848
68237
7726
37508
53643
11097
36658
6982
68500
36533
57912
21194
53618
72631
75279
25334
67176
20708
55892
64546
18553
39833
15548
5382
43098
23749
69967
57886
66532
36415
22902
60213
41370
55207
52191
40553
3736
2942
15733
11226
50445
11506
20071
56094
14400
50300
28537
58882
33407
22409
9239
71859
28962
43970
1022
62219
70194
24825
39799
1705
69059
33849
17553
23722
32184
3767
3841
29789
3382
63898
21826
7517
58705
56195
66850
864
68678
35311
7059
55022
59578
26859
5412
47583
72836
58767
4728
48796
75907
34969
63399
8561
64006
32239
66822
14803
1465
32747
6572
71910
53452
20095
35228
65596
49917
27355
29913
19818
71038
19237
14425
73567
76289
55152
21760
9711
4515
23745
41970
26314
26702
8533
58244
18766
27701
14549
71046
60647
58315
38630
12902
43379
1442
24705
11049
53371
56641
66903
61157
46111
44564
65627
14371
72543
61286
22379
12878
70592
52930
65697
26599
42987
17295
34498
21271
66163
1929
2043
37669
50012
30360
62924
55898
34909
714
56637
21558
19893
37757
25901
43610
11288
71565
11576
56065
48781
52532
37372
63647
15274
8926
57468
55047
38253
18873
6760
65322
51350
25290
5784
25808
57885
28306
13080
59467
63387
21645
60604
37062
29435
68404
50072
57990
61256
23301
73942
4580
27951
29085
43088
17678
15967
59741
67154
58509
16003
69457
29673
72847
32758
27303
60690
29160
66776
23624
49152
33702
9071
29398
65119
24898
31474
64763
17340
25587
2027
56665
49450
59244
21768
74974
36696
19821
15909
24498
8949
33736
31262
64452
41952
34742
25194
1238
73539
3558
74889
7928
4899
42302
17676
16933
15234
42560
51309
10327
13735
31954
3747
71207
64838
28617
74754
11814
61639
53674
3310
30427
26814
31012
3868
42238
34618
14102
32844
24348
67509
23406
4894
48053
65517
19502
61676
18156
70879
41333
4034
58584
12639
3880
72253
65370
10595
61575
48436
11764
62457
51544
73998
20012
53067
49981
64015
43052
34712
15699
24386
11441
41190
55728
49735
3220
33204
68956
48199
60711
37175
68445
28214
47199
23266
16319
1329
58704
44817
11777
16864
24756
30375
24052
74485
68485
21421
52898
74448
51893
34755
31252
41757
19341
11858
28461
70779
36093
6723
335
48070
73710
22585
19455
34912
74353
61699
27598
56000
72688
74172
43165
36787
51195
71877
23193
49262
18946
63352
69077
42664
56793
63878
75856
70584
44584
34349
36727
57539
57994
41413
3404
22388
18239
4714
1430
2548
62174
58086
16600
40447
49873
13369
70866
71056
68887
6419
42591
8538
31061
57711
24451
15641
32033
25970
54532
38844
26018
49399
10578
47815
23109
75862
8664
69379
50039
2140
55704
47142
54890
1357
68861
16585
61630
55179
46576
23244
34282
17426
8776
24831
40889
72784
59874
29055
21749
7180
18568
47266
57401
29158
20025
4402
44332
8852
65395
74195
17147
6706
63299
53188
4921
60445
41160
5392
58299
52350
5256
20617
9795
63799
75948
69994
10525
75808
17807
18982
4952
40024
63088
15280
37770
22993
42825
55163
18056
33481
74093
31933
4928
22712
66852
74251
25458
27535
13898
43364
48841
7978
3887
65366
34252
2123
27200
66893
44399
48299
61727
25810
4338
11645
68689
3176
27869
20387
45144
38505
39974
25371
12282
75008
29766
45754
58999
17225
19000
36700
64500
60802
28317
51716
1947
8847
34429
52391
47329
71924
64161
11324
22859
56530
39551
9825
64785
69004
61840
71647
56659
36767
11263
56276
62249
66564
28264
49151
8244
73957
55767
50274
45169
20251
33650
44195
52713
29643
69951
16616
39699
67615
46972
69730
64100
12788
29705
55973
71257
4856
75267
30256
39566
54457
67648
68764
2952
76325
75983
39289
13659
3828
28274
28524
24088
5365
35564
71838
47108
70136
60927
56336
22430
7743
5844
62101
74356
60241
36619
8201
20104
69518
17649
13800
1001
13707
9104
43677
7147
61906
7170
19760
50183
41862
68087
73015
31075
709
9101
65345
33251
64914
57766
19875
34610
45716
2218
66079
55718
9382
66351
39297
49823
45625
51554
24180
48597
50765
38738
57347
40315
56164
51997
64678
24757
34631
32497
5304
50887
7967
38169
58000
46163
62151
45855
3744
20862
14241
57997
50554
54112
62147
29990
67345
72358
55598
55191
28347
24273
70440
40161
47802
32403
2521
7365
22449
22453
67783
39531
51321
12567
15473
20119
27488
73533
18487
46716
74270
59125
17386
57263
3912
54173
18160
40863
46563
56139
40365
50627
23637
28178
41304
4278
41992
22112
42187
19611
993
45547
46091
57300
15679
17601
48081
68171
27164
8213
16636
67577
10589
71289
57156
74214
66544
46738
54353
60211
59612
69675
11085
64162
5984
30539
34407
25842
64266
35902
66186
29657
53708
9471
7402
33265
34531
24092
31467
13791
28654
29869
65327
30503
71777
48422
51189
48006
59372
15523
17665
17339
53979
70525
37914
28235
14258
66293
3308
23228
19572
76648
6013
42400
16610
48872
66873
8845
67012
70726
67381
14031
3613
68372
17558
68671
66117
7542
20774
56096
39020
11107
21284
9667
49625
17760
5224
59158
47519
28133
11075
41896
19960
40740
18429
76521
16662
21231
36383
25167
1588
59500
50041
15705
54921
13820
39510
42112
72226
15993
63802
44419
3864
11203
11061
13078
20757
13869
38809
28054
53267
21791
39623
45705
35822
22052
76764
52939
36980
4826
73546
32079
56678
43255
65711
27373
33329
8574
33576
51437
74572
53642
54389
59313
27500
63822
5396
21328
31526
22920
16957
41313
59504
47354
19843
54028
11348
19367
59972
47534
11315
65207
74548
5514
40344
41291
43846
66811
33357
41782
47140
68844
20158
23871
69523
71377
29084
2212
17250
70551
46587
59505
4183
20455
59669
36901
70541
9581
6023
10923
41018
10588
41088
3109
47148
73231
24432
8241
32422
32289
6643
70029
33482
41141
40421
39747
54223
75323
24114
58057
59576
55510
53330
34034
10835
58430
65849
30100
30958
46545
76491
65829
72168
66294
29563
11449
29816
53633
69186
75090
31121
46831
50475
67403
71870
61275
19511
12969
48493
76373
36333
49882
21994
56541
74603
71715
7102
48251
50673
2765
54886
14799
24120
72963
25152
22723
23788
36982
22425
46782
46485
17837
37411
70608
12544
4229
16869
30594
63498
34391
7374
53753
53770
38733
41793
8554
31908
41734
38348
48750
52096
70813
15005
7370
46401
298
76230
24491
14013
39023
71396
50758
70203
71294
73252
1425
8105
39878
10647
73003
24585
70018
25306
31841
51066
40677
2257
36750
70397
24733
31230
62826
76284
48593
34596
21606
60997
65991
6488
23758
42473
24233
34133
74123
16679
24944
43983
22841
22489
53191
57935
67631
32350
8492
19099
18332
63138
33422
64985
20301
21065
25925
4386
63863
7099
20926
65917
62215
6899
24028
15845
22324
39644
49386
10870
26070
35584
13857
43273
19221
51252
25250
50121
48144
56859
10915
21863
33542
29648
57522
42030
67473
17465
43163
30363
50701
9550
48102
17065
14433
10040
2779
43333
7198
42540
76696
64438
7314
27783
18108
48912
58497
43215
46891
33332
51170
28661
2061
4953
63170
16860
58549
44099
29378
10244
42148
31359
4621
11216
72274
1204
4631
56713
21745
23502
29450
68300
55611
37429
17981
46834
65977
68496
64648
26419
20858
15588
26910
13687
9229
33628
28241
38189
63815
549
49505
62671
50643
72197
39913
55266
39605
32343
678
56338
21490
49524
62509
43737
20654
7058
76693
25681
42214
47622
75396
69124
32151
32537
54301
70991
60228
290
33904
16467
34898
32636
63121
7749
443
34694
74639
65418
61265
21196
29304
50864
35687
35595
76014
51357
49711
7352
57003
2724
31634
73126
69255
14263
71963
33638
1961
46084
26688
27775
12193
37721
21153
8903
28231
33056
71285
19307
60345
6733
73160
71274
44900
59577
2008
48450
7097
28928
17514
39362
14772
70874
27175
58440
43882
16265
18706
34442
73166
48592
19505
7319
37234
59219
26088
42708
76060
26807
56036
14560
32274
42732
52156
13364
44452
7822
9065
58242
35025
15152
8547
71575
46131
33080
2584
23234
8482
32557
57458
42207
52396
32471
49456
35821
31137
60329
28067
3816
51771
67956
73132
24699
43432
11993
28622
27044
69609
1584
24865
70800
66924
42418
51653
71559
3651
24377
28481
19496
74267
59347
14213
31858
75846
65674
21406
32205
52845
47333
14452
44212
48206
12816
55349
64285
58019
4694
58748
59479
17467
2576
64439
55274
67620
57827
29421
37696
25768
73143
8594
36655
23173
24522
29929
37886
19803
68492
57503
53207
22359
52586
42005
36863
55475
5568
62829
5375
34877
34430
6786
35642
57631
74654
2722
59201
19787
66642
24033
63577
40832
56987
59435
36076
7433
61745
25634
51439
76488
29350
52410
71551
8011
44982
3658
40296
22093
1443
55180
60357
65070
20372
44955
74987
34099
15754
33851
52065
33315
5883
16725
4571
15863
45484
12028
47262
1077
32723
24950
42539
75203
1281
26436
44887
294
39761
65744
50446
40457
30549
72826
73159
75583
61228
25989
19369
42981
44244
22986
51515
10003
41267
45031
64507
47960
62149
24403
16614
20640
58409
39664
2117
2356
31765
61931
43928
22961
7897
20595
12222
56913
28909
60406
16131
2258
53241
71400
58724
16064
45686
27131
23019
43821
20680
30376
36289
26052
45299
59475
50485
21205
9606
68517
56226
73900
41623
50414
58282
56893
24497
36551
20677
62609
63736
53195
6957
37525
39694
46723
50764
27549
46847
10204
60460
45879
4266
40219
13839
24057
18004
64393
20713
12796
74456
45178
39140
50258
72172
13954
75794
72500
13866
41460
4072
75569
76595
14535
31146
1799
33645
21053
72952
74429
3915
21260
8891
39487
56116
50113
42069
69692
66369
53659
17255
20302
60553
66280
26610
29057
31300
14863
62496
25111
33046
56975
25298
62738
64878
45929
11153
40069
71247
13220
71446
46461
12004
33923
33376
34212
75602
52184
64755
57182
58316
53989
64291
18953
42150
62084
37169
35245
5827
25817
49805
39790
76514
37480
8329
46256
11866
66021
32809
43108
22970
5088
9991
56249
16202
39639
68930
65605
40519
34230
11718
55911
68106
21491
50519
5878
3295
32272
18702
37165
18193
24149
73486
49666
42549
5980
26780
11795
29431
20751
61540
31309
24664
18145
68746
1195
40123
36523
67208
74135
14726
51865
63979
18070
67623
39339
15515
35712
63909
16120
35294
49691
15002
57866
41248
6456
76273
68603
13225
75200
27645
64559
10278
39801
48735
47293
68718
63289
57015
49144
64920
73378
4698
6693
271
28913
15368
37619
10492
344
52671
28211
9258
45266
71778
13128
50007
37929
64367
47207
44548
29053
17565
70782
42679
54096
26347
43792
40445
5903
34170
65391
42760
76049
74716
47085
20290
45960
15721
42255
48113
20798
44074
12380
52014
3758
73363
44607
44078
75751
35497
69562
28547
38255
8071
71266
66071
2265
38446
51830
74384
22685
47043
75379
62797
42863
32694
36297
68049
18295
36413
62590
51663
4726
51759
75402
15946
10142
17967
10292
67443
49424
26478
31375
60551
514
37582
75719
31965
8442
29534
41236
49186
32231
36451
68024
72817
21859
54905
14922
1996
49818
65466
34256
26986
50920
24051
57032
9458
27324
53925
26989
40367
65500
1356
64136
47759
32660
7208
55664
28792
37072
29093
36515
20574
28599
74514
44625
10039
69957
34398
64890
7232
40425
20370
53202
36585
5670
29995
56951
54043
38661
28742
71415
67152
20564
66490
43473
21047
66498
3434
45554
46141
14847
7278
4536
11232
76276
51320
21561
68937
50230
44010
52072
11905
61412
44663
76777
74080
55726
9584
12049
73352
39462
45644
31929
75131
43939
68158
63141
5802
24060
3600
52015
43433
27284
73782
68759
62292
18299
7646
58053
26963
44594
21275
34700
42276
17394
55747
2401
61303
76398
16728
53983
39690
19878
47698
19487
20529
15028
74720
74570
52206
39326
5769
16577
42245
45
29717
61185
25077
73072
30047
18681
41101
37368
17842
27238
74438
66269
76103
7252
6126
69061
73889
12917
44107
8125
4482
58256
71049
69397
50185
13747
30304
7610
43663
65604
41369
36986
66215
44680
51487
72937
18823
20954
56884
62234
55496
37771
20536
17776
54011
17724
28396
70342
74453
2422
49563
42605
34296
20315
10702
38267
54397
34042
30262
23905
27207
52045
1939
14380
4179
55752
68310
43819
45336
27680
50852
74980
52834
58078
57380
62477
29482
67396
56916
66205
8088
58393
63738
6110
48715
59087
73203
4182
72330
11720
30738
49254
51298
2198
58447
24022
14834
63146
51521
74899
55680
45733
6505
18792
52792
3679
60671
34794
4916
51143
29389
64093
23093
44604
25807
4033
47055
8376
37081
27027
66265
49956
27777
53140
18406
8394
72452
67848
70328
30560
70655
30940
5509
59680
6570
44630
48160
34559
34458
46240
59195
13853
38177
2097
66446
46249
42826
6440
38306
43222
34777
11194
11791
43127
68078
32116
11781
64419
22545
20859
15859
40548
2860
5244
6113
66230
60837
70357
46289
20830
12012
71543
27811
31187
24119
72833
45124
25311
21246
9691
12557
515
75356
7606
27385
21598
38051
22903
39640
60979
2804
42604
1890
37319
23992
66260
67433
44330
40667
35093
8939
34701
8706
29805
3525
67108
67873
41971
7862
68996
38416
38172
64753
68167
3947
75271
8942
36242
67402
10059
42938
60988
74525
59792
63564
73769
22991
926
43622
13570
61813
18602
7666
34483
68959
487
25234
57292
23991
50926
40847
44785
22448
23948
54733
55363
49984
74189
30920
17187
60441
4855
26641
75007
12869
51064
70926
35812
48783
56806
23218
10229
1647
11944
46773
38930
13199
72849
12565
19133
29799
67643
21742
25531
56822
18555
68421
53646
2330
5401
72404
60567
39910
70967
71031
9413
43950
65748
65188
36636
66318
24079
25658
23024
28609
18368
66662
45831
4966
15184
59848
65204
50804
18641
35215
45763
67810
38431
38001
71892
75799
1304
2499
31600
14986
62361
30285
1288
6078
6392
55122
27226
17932
10200
41254
10943
24908
7428
390
43046
43695
40478
7408
70110
24143
41284
38311
8945
36399
65015
22464
65822
7
35852
49324
3725
11189
15490
58442
49226
14087
28002
5584
38236
50749
74352
73295
17560
10096
12440
56551
11701
51868
73457
60157
12003
28525
3016
6241
14978
50045
34729
68164
3555
48668
24249
53880
69929
63193
40324
62595
7349
51780
28644
4150
6998
51856
17793
47769
52786
10530
1892
24083
23471
26512
70814
73924
74311
16419
50785
42292
69756
37689
44122
28662
48032
3066
49555
22311
76226
37424
43218
33105
39544
59405
20141
62528
29755
46049
1294
32604
10165
14042
12718
49665
5000
20237
71858
15797
25375
49961
45827
26176
18020
55450
20726
31751
38554
19577
28076
29642
43845
72644
35685
72773
46983
40299
37264
24018
51584
17575
25247
25740
20014
51763
44008
24653
68442
19918
48416
36467
57196
39989
59941
66871
44266
10969
34880
40427
45834
1168
7835
6379
1485
21418
60534
57200
31985
4670
6062
3893
63540
52312
56298
52005
50968
76318
33103
26332
66779
16743
60479
30851
51191
30466
35695
9411
5905
40094
11381
67157
68447
31319
5450
75476
28908
68980
38818
46672
29028
60060
46446
32135
35048
74437
47221
12697
20767
4984
65353
76082
8031
37025
62137
61142
70043
16450
35677
27642
20797
43971
24142
73612
4383
12240
43192
52687
5094
58893
54171
31000
16158
23257
45564
8859
21179
64306
49006
58556
72156
56888
28640
73781
27493
63623
13883
49994
75911
34174
66115
17331
61965
23653
30278
46675
16829
6950
46230
12826
72579
20864
7237
14441
2572
24684
27362
12242
53532
60148
59363
75785
27641
49060
63795
46054
34524
72491
66883
60865
40591
65666
33048
30685
16562
48044
56529
19774
34513
44879
59196
70005
48689
16716
15932
12855
31430
25122
2369
3692
6970
52205
36720
57071
1142
9171
5909
32099
28784
5529
29137
27682
26862
7079
16171
50870
48566
54206
63931
31780
74028
30661
10874
29406
33899
52885
72277
25743
66708
19290
66846
61273
51821
62320
20953
36206
16098
2423
20445
46109
12475
26521
942
9305
58908
18675
75773
73274
17182
12058
75994
9113
42964
44416
35689
58355
39778
30055
46004
18475
29387
56693
18351
45545
56449
68898
74499
65940
34276
63876
63423
76546
31903
33106
49911
59720
68467
9537
30035
7270
5716
63173
61664
22736
73023
28030
49819
8958
41156
49965
6307
48915
18361
52272
25052
67048
13614
28724
28101
23545
32505
4051
46417
22695
38691
61895
5090
72399
1393
46901
26511
52315
56732
55886
76604
36104
38216
717
52374
56224
64282
14186
44406
35841
53796
40745
7549
5490
952
10350
25426
55554
46110
53869
71969
40073
42274
70756
68757
6398
55583
67195
1426
10220
10026
58874
51769
42667
59614
71904
61308
24727
30540
15010
15636
40715
22523
23095
53763
29082
3909
69235
46940
75910
53711
17731
4132
38108
48737
17028
34332
6260
19569
76636
61375
68822
10719
45700
36036
63621
59252
52026
2468
9809
47113
56292
21906
50950
72984
17879
4715
65492
45735
50339
55858
35772
56924
43715
9476
17208
5942
75990
47163
17425
33582
3615
4267
35833
49153
44445
17173
24014
17395
31482
25242
30438
33242
4713
17505
33253
5772
30442
52607
26100
24235
35815
52335
12323
56291
13896
28056
47627
46836
50595
13005
60190
56980
46168
3171
71577
51516
30743
69226
27202
75674
57716
27419
39139
20810
2502
27193
71226
7706
32266
31041
37704
22174
5317
22148
45875
4037
3240
38740
63219
68812
67180
65439
47639
27368
47652
67526
32536
51355
49217
52633
54876
632
8857
73503
60746
32346
67980
23861
55731
9150
5036
55990
23456
38419
59705
51491
15304
58218
20450
1676
73564
54422
36323
72554
66428
27919
25716
61068
35997
48391
24511
68761
72600
76618
71630
15902
8480
3638
69166
42811
2334
74952
4737
30198
15098
48809
14757
69639
16383
53508
17769
19928
43595
4049
58948
30269
30678
38881
1827
13279
70070
57008
10700
22411
23069
46564
60879
17918
66310
27739
38997
33688
6411
878
60287
64519
20721
6091
52003
18660
50401
25744
62997
22985
25806
60976
51244
8941
70694
58400
36433
61421
21336
26646
22294
20610
58334
40292
31956
48663
46483
43700
18771
67594
72080
6990
47557
18943
20498
50747
57636
6904
24978
15459
65100
35206
7845
34730
10824
64336
26355
57197
60714
65787
66212
54026
27949
235
3508
17145
16084
29586
7841
76457
4934
32265
32465
19784
42860
3927
37145
30381
65054
41480
31729
23747
52283
31383
67335
5856
7154
69111
21620
12118
26285
72971
55629
16020
50704
26928
5301
73433
56060
50972
48307
74751
40544
8407
10638
6751
62441
11608
42348
58096
76208
5431
17491
6989
36836
9194
67416
41592
69504
3025
46343
70405
39369
62055
14107
43522
38998
43980
63679
24920
3452
62876
46618
15682
24853
18495
8250
17044
3081
57893
3033
30183
48272
15099
37111
31340
33900
31032
20663
6466
63394
66855
10481
55025
58224
34068
35558
49213
57829
55190
73799
57411
2396
25964
41025
27816
62064
14036
56640
25459
53425
42420
57552
24772
26870
17618
52036
31204
17929
60712
27573
50539
10166
64827
18679
21492
53482
52591
4314
1872
7576
37470
58296
47179
18159
59644
22803
47854
56284
70187
49371
42813
49765
60710
54339
69558
72057
61722
59536
44716
12375
28124
34811
13510
15773
57439
11760
70344
21719
41769
31398
53351
73246
56248
51701
24610
13522
14680
2184
14762
54945
13450
52827
40645
19111
65151
67354
6670
66375
15526
59295
11053
71370
20151
22333
26352
34197
40351
15758
25878
72928
1045
69000
22861
38325
61808
4327
20524
39858
66668
13084
3195
34932
7166
68186
35630
34632
60324
65885
61318
70302
42984
72732
7441
50987
62949
40034
66984
35729
27619
402
50278
3205
60697
39438
12039
56330
43994
54927
64659
12299
39005
51553
39108
51563
55682
56181
13012
38767
52316
49443
19662
2221
44342
4085
29807
73656
31321
65396
30281
9749
69353
27745
5363
4258
24412
58486
75036
41481
33444
40699
16900
33057
13516
69508
4816
61901
37332
29778
57195
32296
74060
8099
57525
19736
49109
63859
50160
40988
65512
73482
12821
46122
53886
53786
55305
68783
33306
27293
5616
67066
35470
10813
22416
6974
24335
55739
31101
13244
36584
58264
1831
49408
32968
5418
76613
38865
21748
15693
9240
43953
75963
61019
72961
29498
29618
47242
813
13995
46870
4206
21589
61009
19012
3482
25644
74394
60392
11204
55563
43231
40590
75884
22596
59529
25822
43439
21597
3341
47916
8920
22815
59178
60472
6721
66459
28922
68670
11339
63966
47838
75720
16879
33694
49746
6155
2165
64837
69752
76464
3469
30826
36821
23250
26162
62307
74874
60822
21808
24976
19562
74802
26697
17987
20696
75587
38543
6635
8817
7519
2116
53393
5524
76680
60811
74630
34048
50406
54477
22593
57460
28097
35520
42126
8458
15820
750
46578
37595
48248
33812
13768
22176
38027
73434
58756
3389
75496
54394
19334
12864
63868
3708
68710
70087
30911
76142
48807
3410
18656
52824
68543
75111
63137
69154
58768
49732
11021
38320
28795
33548
979
4457
52219
34580
46155
41146
57575
73142
66098
42226
63852
75606
44487
52782
34165
16452
17957
55916
5721
47005
22310
1941
25782
54373
27113
39001
27809
70147
11038
58217
42996
2057
48240
66313
24707
34874
45594
72659
34191
22761
14057
45910
35213
21298
31299
6874
67261
56218
45006
1241
27720
53294
25286
4645
55092
34416
7620
48085
15404
74078
33016
3113
62699
21874
56169
52926
61440
68224
36109
41601
8375
37876
57392
60108
8720
19175
18073
36351
55461
32829
8323
38294
75525
27431
31545
69250
56894
9086
5879
74719
9765
21942
33473
22940
34470
63429
4499
975
27050
9965
50179
28573
67167
28226
4199
29817
67753
18716
69122
18980
38798
42657
69705
76166
3315
61363
9048
42531
5074
30387
18935
19993
37434
30835
55185
48824
60978
22258
33200
689
9814
61127
37675
19601
31267
6183
40056
33297
23320
10295
11960
55342
51826
45154
56549
16166
56831
69761
27578
54280
2279
37481
39677
20717
73701
44055
76183
42485
29776
61585
28667
44700
29455
63740
31360
35053
36365
69788
16908
28552
27123
72754
46414
18446
71574
74235
40514
51612
72797
13107
3751
6789
11916
48135
29198
5042
7688
76053
55119
70288
33636
40580
62199
41037
68320
39725
3065
17096
18277
53906
65194
51946
30721
73123
66625
68831
54020
46486
48889
47737
43709
59857
65597
50882
43240
75692
24030
38567
18721
5841
66783
74949
22608
75096
21288
12759
9998
64931
45513
17284
69650
64637
11255
73842
46146
46764
47052
8923
3986
42036
54826
40112
54562
3784
10022
25788
62670
33526
25201
44376
23207
55736
61195
38184
61493
37248
16821
10027
4210
59895
57693
18705
68022
63454
36154
30319
22851
22264
64092
14824
71761
5320
20856
1998
44192
44171
45920
23211
20108
69045
34661
54066
66497
5565
7205
67478
17298
69427
32164
13830
76425
29427
64970
35095
6601
40276
39606
20922
73575
45350
13600
22686
35433
19808
16700
24043
58555
4301
61149
10987
11235
40192
39165
45807
49774
42284
47134
72866
33047
49580
18954
75443
47870
43487
75548
18638
26045
43199
35231
49317
62136
63074
48844
38374
67627
30350
20948
72001
34518
49181
38336
63462
59568
74880
12684
34330
36079
49670
28847
47292
40556
47157
46527
71300
32781
42297
16896
17126
46888
65875
47551
3397
36943
14430
5033
48975
12929
75956
41541
51571
50732
23150
3793
62297
35682
11180
45358
24791
43006
5864
54657
59270
21255
17064
200
9485
2169
30547
33441
20076
41445
32711
33814
23467
27915
6153
54210
2344
70318
13216
22299
67418
2182
8135
30813
18217
44125
72629
31189
26262
19707
46602
57851
12422
62344
20733
55699
36679
50666
20069
69666
13374
60217
62027
12527
31621
35390
29432
70856
31486
56416
53348
46871
53467
66439
66582
6792
68175
44357
70374
17216
14710
62905
71670
40860
69963
72825
49883
59355
74351
25633
44457
14300
2872
8882
56912
67792
55996
68753
10211
71599
16412
47882
21289
48661
40420
17721
56415
830
10728
29255
68919
51902
2668
3107
24640
29580
1451
59718
74858
3761
48959
34331
35703
46893
70264
21835
70398
5203
8233
52657
23706
59638
75640
69935
4328
17850
25816
21799
20622
43894
74774
30578
13094
27552
8091
20238
24932
829
2962
18000
74015
47325
5871
40739
74157
71067
37321
6699
70081
54260
13037
72975
15639
27972
86
20425
45900
10694
44001
50599
20884
35724
70998
10100
38564
43777
61313
29819
55572
46227
950
68
49832
14068
48188
47686
31129
73050
74547
51228
69347
5500
66220
33323
69843
62836
46213
69329
62191
44642
70851
74748
54051
76033
52886
64276
2974
74649
44275
61717
12159
32558
8010
45691
64631
41258
39209
12843
47033
12972
121
56653
35132
16968
42721
32735
49685
6120
46262
16520
13660
57592
68990
76037
8349
24035
69529
76022
43924
43417
65405
54699
60679
12372
1726
20976
12725
72824
24583
17364
19911
44948
16878
71215
71013
16687
5961
75951
44992
17095
32969
59120
52529
22936
74018
30663
4053
13178
22013
23726
51405
40000
54517
1555
3384
32818
42801
28974
31702
1032
69440
7070
5086
48725
31873
2702
76531
38605
38252
20956
19921
50159
47098
11901
42447
74249
37860
18317
16853
42990
46925
68654
53353
34178
51917
45766
35431
61024
22149
67295
27130
72939
39421
3416
17688
33521
16653
70836
57871
19732
35067
36233
16474
59068
20993
54760
15236
34820
5032
45491
38237
67874
74343
52613
37861
71932
24214
3843
22600
66447
63633
59261
37185
55277
51638
73907
22656
34041
32217
35868
23198
10136
59325
65663
31790
67390
19588
5839
52492
14247
8807
38784
10116
33957
33522
65217
70980
240
53915
76705
8350
36926
22058
41934
37220
75642
64510
41913
60259
42965
69534
22195
28865
24830
2624
29677
41033
66237
51044
46056
65403
23554
63529
33844
57114
54229
65086
45560
38455
67607
17919
75703
9035
14264
1248
55843
3660
25724
15268
37167
20092
73039
16113
28645
14104
53279
21992
70786
1291
40066
3988
41985
15510
38643
24954
61182
68345
6339
72700
46786
69393
17624
56080
50174
67602
44221
20355
22043
73350
60291
38759
14632
55861
71221
70253
6611
56288
72070
34098
2404
543
49458
67903
6347
57884
41957
32371
44403
66407
64310
26383
73310
49021
43706
18002
47215
2226
6599
4937
75520
14503
76547
23132
36697
23224
45932
23994
72550
74454
10325
21378
32923
65441
13804
27448
52985
39486
41103
60672
51431
18472
60532
42621
73181
32256
30095
71705
24934
45317
52953
18902
4849
18202
25785
73397
8782
40357
49974
69339
33278
33223
14387
44852
16923
28012
63750
30104
60082
64492
76283
69016
32576
47432
51071
53774
69062
71088
14173
32768
19402
35549
39943
51182
26071
57634
10500
3274
48610
29118
45047
64272
5913
5172
46504
3074
52572
22405
48996
49975
38859
1849
73604
34581
56703
58279
20646
18252
54426
68513
75033
29253
26717
51394
37579
15154
54654
46813
64061
48216
28017
41976
55681
29748
6917
17866
4998
29104
58972
14357
14424
591
57695
11103
2615
27784
60876
67733
18607
67373
73414
3551
21417
54511
1569
25324
49782
63580
25492
75615
34340
8892
44779
42881
63573
21735
22778
38873
27034
66985
43022
30194
51526
73172
11521
47453
57115
11008
21643
68579
26503
49678
3580
4657
65115
4018
39088
71633
21264
27995
65929
10760
52114
75082
52916
22638
60037
32514
73821
51801
23438
57818
13280
7103
49455
51276
40978
28976
68786
36764
45833
36475
41169
21180
18033
51008
53166
46223
44418
36820
21851
29439
36773
57024
6499
26272
29808
4730
59772
57486
46667
49480
64720
35894
8898
63967
24609
12258
27146
52522
3324
38229
58904
5439
68429
69170
52649
1141
68050
52783
53919
49589
6512
9096
7639
32301
67139
27827
68527
59210
53856
7665
8603
20561
50488
72419
70474
25651
49707
25755
61474
41893
1888
13971
60127
12594
36454
21059
57978
64104
64972
16542
25931
17725
30160
4374
10335
26736
15311
40128
66130
13352
12048
3603
75810
7708
61103
36330
61984
16465
793
6791
40903
10287
9100
30671
57091
41649
63685
37931
54476
24797
14442
63129
45544
11920
70693
19128
6030
47572
38208
25896
10460
20252
8788
55591
66990
67196
42903
44034
63032
4099
72821
42381
11609
54755
55129
56007
24836
27283
24500
2253
73498
52750
3687
42917
21005
20777
66090
3539
24991
68173
60403
69972
12116
45128
34692
38883
74546
37969
39153
19008
13525
29330
41655
37913
58290
24687
60616
60473
71156
30045
20811
71606
36197
45466
19819
56266
36408
22791
53017
75860
45195
37919
46635
33028
12199
72852
3175
76194
75030
72175
68878
26155
62456
31906
14336
66119
70351
9571
3192
46506
61015
17809
30797
25599
31042
42951
73080
46113
15107
74998
38841
371
59236
60163
28718
26838
21026
55292
5386
65248
44267
48310
45412
69436
51537
12008
31444
42045
21690
75812
23155
39511
63984
62377
48008
31971
40335
44299
31782
25921
1404
10644
12336
56120
11613
69691
17
3669
60304
37427
65122
69065
32257
72749
52240
35624
11215
45567
49100
33241
45748
45951
67646
28700
39509
4744
58167
23748
51842
41607
45156
19914
74154
46981
23357
8426
63222
25597
55708
14335
16917
35092
27476
49540
19477
48655
30434
74211
65399
68434
69410
6779
51958
12529
45826
44460
36681
58387
1808
39945
30126
56802
74845
46777
75542
6780
34827
43286
47915
59320
39252
59012
58163
61989
2135
71751
65614
36907
48067
31607
66470
29468
25042
55773
63926
49936
38529
32966
12750
36308
12612
70975
35541
6836
7413
51375
61933
52028
76274
32639
50613
29335
72551
35532
31661
68389
34251
72802
52605
11209
46553
20504
27176
23967
47025
60489
40659
27873
40325
5929
1202
23194
64302
52697
28954
27797
941
63214
16593
53043
66547
9199
53133
13388
42356
72650
16966
67852
61277
23817
50524
10699
26837
65487
65592
37798
35606
66008
29009
31562
7917
16318
43038
58013
18909
25947
68590
48454
7824
2987
19983
43063
6582
21426
38091
54164
50923
14388
52675
55430
64121
74318
50603
10605
59089
75307
27393
69027
25648
5597
48116
28031
73715
56329
54942
63838
30563
41168
61377
13419
20266
40498
64737
66653
3807
38428
328
15023
56311
4883
46475
70020
8337
21474
15492
11565
20244
51281
16236
70890
44239
15765
31503
16107
46954
64856
59863
64435
48869
17503
57083
49369
35059
10000
5982
64088
24832
757
44224
28458
34110
61420
48585
23113
18590
9296
15740
30985
40649
44576
7109
62709
70572
6979
53694
17603
64084
24310
34897
69764
8297
21506
44944
8832
51945
74474
7056
486
28634
15599
10031
40070
61102
55737
55658
3520
40504
55173
62005
66210
75970
22631
41980
27204
7123
7191
20163
28267
71052
31307
49969
51201
61765
45914
51819
25302
36928
8511
29026
74191
69220
9572
1629
41588
41851
19981
57018
42927
75894
41555
32928
52004
61385
61069
1798
59721
35707
43493
12925
61746
60147
43123
50614
74421
60201
49827
10864
36270
70321
12561
5988
35537
15209
26019
1033
14812
76765
19898
75342
45516
38309
3110
69765
24725
70204
54130
36483
1137
58239
10912
24570
34989
43537
1106
26576
37792
32876
25114
31784
35329
27961
13810
71506
10511
27276
13679
1526
63402
71356
24530
42003
32489
12785
62948
62203
76084
30283
47391
57188
46926
9106
65239
16766
56952
19077
3117
61647
28603
71749
45896
45540
12941
17846
37783
31105
49534
2674
12647
18408
60541
67755
18330
52121
41362
15096
67787
23850
12247
25330
15692
18603
40253
48520
74662
58722
45060
30099
72501
40189
57249
25495
14781
26406
47416
5278
64729
21369
63422
59040
67942
336
60893
30771
10076
15136
17396
33656
10480
14926
22307
33677
46209
62236
49149
25624
38754
74872
11826
46363
19840
43121
21340
26239
17808
2351
6627
39208
57415
2125
31889
30995
8965
37244
38530
66148
51595
43645
34722
4240
54520
45868
25109
32241
71987
33137
16865
45887
71636
32895
34050
14954
36055
10352
1123
35589
2836
34737
55420
39993
33706
53669
58803
12549
13480
3134
9850
12014
4875
53802
52573
22878
62069
44553
46036
63629
64052
23968
12629
3152
16942
29311
48913
35951
39660
22026
45137
47467
10079
74873
32522
61422
45411
7627
7797
64989
22159
76251
40129
56042
8232
27707
45970
15244
54513
51882
26405
8170
60349
72780
691
68363
62730
12913
30857
70228
29589
68111
48898
41007
29757
68969
50398
20552
35507
73340
10958
26301
62531
66160
41368
61555
16096
22603
75532
71181
41790
39663
48274
15524
76168
36975
22389
7514
73371
61338
55385
66791
58928
5649
6576
13161
10925
62903
56518
37495
68762
75854
71725
28533
16124
31100
60832
43940
68958
66758
31668
666
66912
53245
51382
11884
48136
19420
34455
12318
15651
27217
66353
16384
1601
63160
31427
7354
57331
49933
12479
63721
55043
9940
33007
5505
32952
54336
4560
5127
28369
51540
22568
38822
43961
42401
19222
10403
48326
50573
12068
68305
260
36730
34575
72037
41292
35879
66982
74255
44429
32770
72369
45944
26269
8963
66900
67024
27169
16761
61330
40179
39338
34124
43042
51088
29171
9314
67773
17380
47517
74683
66188
58101
72513
6014
25075
343
55360
47283
45272
74111
25493
48873
21002
18888
25967
75704
61317
59462
38200
66006
8757
18788
45857
10071
50545
53159
1581
23274
45342
37043
25021
52306
31142
22503
37906
53435
58637
40227
74033
53890
61584
12357
53493
4044
64476
24895
16635
3814
67744
58660
13096
23580
49992
61805
12354
3015
28294
24168
10188
67950
53407
40851
57846
36906
59934
27538
61118
31884
75849
60954
73909
48654
28743
59827
41974
15003
57408
55600
59310
38384
21024
56892
41170
18238
64652
1012
40366
40273
76723
31113
30970
13356
60743
14516
40803
35338
45856
61720
62674
43747
55775
74997
15624
30719
69858
22984
30818
76411
15866
38220
2941
64831
68693
15600
63336
74844
27534
35176
60024
37905
26946
16557
42782
57186
56712
3517
38192
36063
58319
26915
39069
49170
21517
6314
2927
33775
40160
39738
12084
56044
2235
1284
7429
56494
41516
69853
24655
13254
12766
19316
20218
11055
87
73852
23213
11148
18274
72058
29526
46958
72268
62021
30986
47338
46124
31741
27540
12172
57185
6262
67866
73695
75254
7391
68868
48549
15379
57723
7764
55484
43033
55989
27288
38751
13309
74475
9538
40914
7230
29533
19451
20393
76692
53129
17057
70597
71980
74946
72132
72770
59891
54254
31809
4637
50344
44936
73372
58870
40772
67586
64170
29970
14844
60517
41052
67086
75488
325
29924
33981
38274
62658
33685
38951
38464
52082
14176
14508
47604
73376
47939
10629
61366
15431
50023
36673
17745
67448
73731
44006
28683
31007
48305
54159
66754
17381
21160
30246
20363
21537
31623
26095
29303
52625
22270
76668
66401
26168
23245
29811
47907
42844
7934
67199
19913
46060
47636
1359
12532
39722
34736
27177
72489
61105
17672
45480
37189
32082
56990
30630
4959
44159
52281
60906
38301
5277
2538
44503
47668
15418
39928
44439
38010
24127
26835
6428
48804
19305
48491
58117
22833
24764
59648
14171
69869
54196
51123
63656
69167
57500
29738
74864
16835
53984
52837
13174
62655
74309
9254
52584
53004
58164
57059
27983
38147
18204
38286
39089
62129
2535
40864
75115
14694
68536
75238
57588
67786
12090
741
31368
27950
70413
38109
51966
37323
73878
29483
53610
30816
61898
73047
42259
60432
72265
53210
76461
61975
49916
27404
21304
18
11217
6363
21398
68045
23626
73078
34535
27569
3168
13455
32909
60658
27699
35391
4997
25684
62780
50386
8101
29716
74951
72769
43485
13695
40122
37230
29395
30936
60360
52515
71153
40342
40987
28563
7076
38364
74409
6823
72854
41593
69011
36729
10249
69898
67616
5475
38971
20670
33955
33487
13082
2547
7430
75536
50219
13335
14411
25703
74957
21424
56808
46480
64255
66400
38817
498
36525
71682
32538
48956
55703
40540
38500
1681
44784
44996
65798
60236
60234
30327
40236
66961
49002
5685
8198
2318
61335
58376
34008
569
26966
46010
19037
35959
39734
13743
35024
33029
51022
36924
52979
61121
16042
26258
66858
55789
56046
66798
59058
65600
43321
22655
41334
70769
37662
11183
18372
43899
663
5835
9544
69521
50116
56813
9041
48108
61427
34677
53089
67809
36287
25441
20099
61945
4472
36000
27547
58513
16208
22691
30196
54314
28839
17347
26447
51815
18723
63784
65297
12870
63645
983
59992
8461
48447
9477
17855
12871
3318
53139
64372
12232
48323
6365
876
54189
35920
22437
58158
60623
14314
3227
12316
1282
70431
36874
24658
26712
47789
38569
15944
44752
29391
20224
44157
48791
52116
23597
6796
51113
40162
53056
26087
31227
71748
66597
35908
41447
36209
19833
76221
9886
37381
25555
71494
6405
66250
12416
2582
27649
50373
27714
24129
32999
1806
30929
36933
50935
65277
41366
19515
58109
68733
42538
66083
41100
18250
10094
76688
68499
19599
37626
58311
72459
26926
39578
68722
61514
34371
48982
69079
63174
57897
12377
19845
53334
9979
