70343
23153
27502
57925
30397
17541
74226
22532
54875
5728
44751
71883
24650
59601
43312
63981
74377
48417
1395
43973
55349
717
69723
75560
43172
33203
27326
67747
24025
17134
5886
59783
37293
29305
52323
12198
52515
49122
47782
19902
40841
19835
34736
25155
47129
14651
55980
25692
67743
47675
59318
22468
57050
25160
63817
1285
14518
68723
32091
76409
43235
9253
42766
49645
52407
61817
68803
41940
76606
28974
20021
3365
38699
48259
12716
50988
20749
15974
40101
45928
28449
67531
31646
9475
51213
864
48589
72159
4761
45875
32988
43282
36296
41074
48151
33886
60162
17908
9592
2738
64897
2004
35450
1067
15783
11400
5624
11005
22617
9442
48132
62408
29673
15957
4004
75442
70971
47619
51466
59905
12822
26313
8858
39997
73725
53977
30955
35887
20412
25718
36098
28138
9171
558
70056
62222
61466
61083
31258
19914
19197
76359
40350
54934
16040
49607
43585
1609
43002
61761
62654
29892
15423
26020
55906
10609
7012
51743
47450
50349
52726
33855
2616
7626
16142
11765
50898
24067
37554
39369
37772
3191
16973
40478
62575
56314
42490
7634
22535
74462
11213
44347
66661
41936
24725
47449
30164
2
34351
25272
60269
29198
48293
41489
1424
42970
29528
3687
33823
39167
10616
17341
28583
46112
50979
37419
72179
34315
36312
64413
43441
7211
10515
5944
51309
53314
44980
5841
33752
11696
6463
55217
11388
45638
18748
18954
45957
32573
32366
43898
40943
59323
17320
8617
74271
42433
47640
57920
57158
42256
73714
22035
36127
70876
57882
55378
11718
57253
44521
56337
34037
65847
27749
54652
43554
44379
75826
70455
52042
38414
64168
31414
74896
39918
3779
54675
73620
55762
46034
16534
19167
65985
2778
17419
69823
48690
25564
51862
9822
54730
26033
63510
66409
2476
52157
17903
11282
72061
11710
66376
9945
51298
47496
71877
41797
11559
51917
38745
34325
70845
26065
20943
62160
32370
71053
6908
20242
33595
53888
271
24424
58581
31287
72279
32253
66221
970
41200
39254
31625
17625
45022
69265
66121
64718
58064
72368
40463
48868
16517
25707
15929
76214
74893
1967
41333
25349
68430
11531
25437
45093
10338
11558
47284
25644
12306
58255
48329
35202
27512
74724
59498
26519
2009
926
21955
75651
7991
47280
71043
30307
46015
17568
73994
33723
66276
66502
47066
41166
30985
59000
69560
30089
37900
23326
75663
70433
71311
6211
45178
20535
33459
41820
45605
74339
18121
32367
48553
14089
74621
43440
64580
57624
23724
69461
76697
2028
19162
24889
29691
22074
75703
43890
62191
61076
14074
70122
74734
74262
37899
41697
57485
48163
56952
14080
37231
66108
29475
9472
16823
7306
74954
58896
5257
38903
62332
8376
20139
18140
49839
8025
73254
27126
40348
17827
44543
51732
3967
50497
42129
9744
50645
14335
56343
13824
7575
5469
25807
59336
59192
38779
14313
14454
69923
70504
74684
73887
51352
69895
4425
37425
17172
43962
59697
26889
25095
33354
17394
52768
24693
76365
55973
62675
61591
57790
23985
59339
71770
67900
43025
53748
53745
55295
66578
29854
13939
37884
50544
63715
46455
54144
43792
12938
3492
3655
17953
63692
45297
65191
45952
18756
72733
53398
38426
50821
20588
44720
56954
63174
9531
260
7999
13913
70594
34904
7725
54249
14392
25135
26639
10156
688
37860
64477
46927
23269
31968
29274
53843
39129
60024
2275
71042
45670
20927
13856
30789
26418
1106
68766
12600
21256
52469
612
28447
48564
59191
75198
1799
58638
14928
14861
15154
53600
41630
6922
44428
41126
37778
44522
75792
65493
68645
54630
51644
57302
51331
22297
2696
42644
75511
47013
6239
958
13610
23547
28544
43364
37000
6959
2900
27099
26163
23171
12763
35976
3722
9606
34025
23083
75772
62667
43210
21031
32381
39624
19278
584
54958
18551
33846
62901
20194
25965
45736
64085
26419
36736
14027
58842
75692
44629
34231
71105
34159
18512
16438
58308
35746
7311
63742
68231
14096
47677
42222
62519
41403
22554
34562
31265
68896
14049
62801
8162
13021
56984
11727
59364
6544
50769
19265
4321
30965
57970
35270
17993
76129
24087
2468
64129
41501
48033
22115
3202
65726
53334
20954
1356
2013
24596
25399
21150
54542
37933
57559
70881
76690
19091
17159
2581
14289
68743
53880
72185
23706
29043
2583
71471
8214
52668
5618
25165
40625
5177
3591
36406
33155
5131
11033
11951
71324
36314
45546
18989
43667
30917
24191
57170
53703
19442
19005
31777
25473
58652
16144
73707
53694
24149
44069
75912
42418
34852
60557
22618
33151
64125
28127
67931
59690
71416
62717
41956
51614
70725
68844
17358
16213
65473
57758
11914
70519
32698
28118
52791
2745
21860
16844
71618
47831
23317
76108
43632
72569
18507
26857
7567
70626
19723
53783
27740
57898
352
32006
38120
67230
2232
47813
64475
16767
34774
22571
62178
38392
4996
54773
15242
75890
20424
33399
62627
54102
38284
27156
58331
40773
39465
37217
67909
23514
7693
26593
67919
42903
38614
35920
49043
57365
48483
73089
14498
14251
44137
21057
22301
19941
57700
76525
33020
28536
45805
31825
67714
64991
4998
14326
45751
14579
44488
41061
6858
50048
804
76358
18079
2312
64975
39335
40102
61803
76519
58517
67375
70878
35184
73395
68106
8716
74103
6975
65872
73848
15662
50520
36657
27422
56724
48356
65752
46730
5311
31424
23384
6164
36815
4614
73362
59859
59880
7558
70976
75527
17142
43901
30621
75228
70223
27320
37907
44856
31890
37192
24831
62489
13408
37597
65616
75047
61642
2348
31150
21789
55849
49172
71012
9258
36144
59343
13974
20045
28659
61978
40025
4457
56171
69773
38494
9380
45422
68884
16753
17296
26620
56821
73510
47555
50611
71780
22193
32858
45711
13503
64246
32152
42036
20428
13449
75251
76479
11061
57355
60684
29890
6775
18210
3846
36317
29864
20346
27630
45189
36811
62514
37086
43916
60254
3041
11021
18288
71703
41573
29977
65873
37123
63488
30852
16596
35851
61450
46905
7180
41108
37828
46744
59544
43961
10302
4469
50941
69209
54062
22482
53519
53838
39682
25070
56712
53634
27112
75989
47762
10192
55274
64186
30631
6005
46953
60848
67937
29990
71438
42278
21387
42345
28871
67174
29671
70173
48807
52221
27180
14153
22551
27426
67452
54799
8113
9439
71728
16151
33406
1112
69834
29620
73342
12881
37013
19466
53124
54031
74530
32687
55892
41208
73485
1866
5061
57395
5989
63671
8237
76082
6337
54150
56776
5327
20348
48972
52073
67134
18643
27233
76677
62389
61256
1211
42468
18027
5938
11812
71865
65209
61303
65660
2700
39986
529
52481
64083
42406
8260
30100
30072
48365
49248
57347
63846
36287
44913
33862
60171
2697
23728
9784
30356
2888
27235
67024
64215
17295
25101
73002
8809
14125
17524
75770
32432
32314
11316
28400
19993
30956
40823
49484
186
67820
55167
1650
15255
19220
57752
54569
56554
60201
49529
16776
43409
58704
61184
53830
58819
7191
60878
32028
55427
52609
18373
48034
15304
48322
1676
55681
26262
4088
8318
2725
22569
41927
14155
53897
16752
47436
13992
5301
56172
69042
62734
45272
14410
46201
3747
75724
61859
17960
75143
43342
8947
15138
32912
32502
7189
65155
15254
58516
71487
60601
57439
49149
64999
40027
45927
59877
21457
46501
76790
11011
7627
58589
21400
6764
39192
56767
65880
19239
2212
70165
74799
539
45993
69302
65595
74301
75100
6358
46441
30824
75039
7200
36213
5398
31119
43527
22232
12934
22986
74596
48262
72955
68520
25389
30296
62746
75255
23662
44613
33442
21709
14202
38271
39940
57763
72821
1376
28232
4383
55540
15156
5650
32442
75116
4005
29408
54213
31641
3811
9765
21255
9957
68117
74111
72660
6216
73148
6419
6654
8270
5600
65589
6538
65424
10467
69915
16989
56572
60072
63320
62862
34987
46011
50799
72361
19952
5616
16912
12487
42568
53353
31245
74839
56430
76675
12906
3234
75964
8730
72013
11816
44786
48437
28754
31670
58003
60451
67746
46012
9899
49885
39788
27098
7075
29667
9902
14723
31607
5034
34983
5456
29413
54360
21210
22638
31957
55755
45464
67611
9937
31227
55468
244
68920
42774
63351
35779
76210
49075
38748
75967
17868
70943
2774
49094
45437
24200
27118
71197
13001
72442
19523
43470
10916
33821
53183
13969
10274
14417
3090
54426
7093
56054
1950
46928
17604
3125
68073
20223
48912
12572
40353
73790
28350
75867
34224
22787
43559
66538
34836
61219
66153
61199
26564
15282
58947
26312
62149
53758
54901
40347
54271
65116
35621
58094
22477
40379
42002
29709
8026
46711
65257
16736
62896
47477
75437
8530
3261
51703
7417
60321
26732
42892
13476
29112
1299
30994
7295
46161
18687
73460
24633
17359
63415
25976
31606
72291
30885
26935
1868
21642
15664
17927
36789
8585
7740
27992
48316
20459
53367
70508
70306
1952
18247
46884
37474
66448
73297
45398
9880
76661
2864
10290
10600
23307
5219
13724
2448
65769
50221
12489
52472
67212
68606
45476
194
59948
46476
11446
17677
38208
24570
36262
55462
62131
62440
9347
16107
51278
17111
67630
21506
76348
29020
21979
6428
55188
12424
15155
68328
14436
34499
36208
49957
71870
20736
51960
39078
48291
8756
45304
42399
56191
41737
45930
21433
73348
74150
5488
25335
12500
11619
75782
65498
9956
19854
34680
74631
67591
64898
42032
7593
55227
10701
2051
4976
76027
27578
72170
14568
51575
15788
44897
8052
46384
1976
37734
66738
24201
57094
54575
20160
19971
71172
46638
20821
42790
16455
48761
43789
51465
11018
17375
55968
49093
44782
17529
48797
28047
72979
46731
69881
13006
40139
60066
66133
4299
65328
31066
26972
7498
42027
12593
9850
69508
63917
19259
45132
63453
20622
53616
33470
35483
30167
19219
52079
74685
73408
11995
76763
35470
16917
37883
26966
56491
54334
12610
41500
42867
24993
62315
59479
15369
46279
22897
357
18876
32961
49150
7
39764
12955
49767
71762
64040
68921
29761
5630
36905
72707
39992
2591
54134
54531
20465
487
37486
62682
34814
72050
25062
28075
22881
56189
5583
9923
22681
62509
3194
37219
38057
39833
20274
36292
6445
26192
70670
30663
4539
65882
57702
54700
20740
42072
54566
5567
63465
28842
2301
1033
16061
643
51313
60099
26095
45089
55341
40035
31336
52292
24113
56045
1835
63270
67510
50809
60522
68250
68056
74570
2124
4854
15909
43847
53471
38725
60547
10921
58372
43887
40742
25714
67971
54228
58242
30538
72155
72484
29361
67378
44301
46559
17963
15590
40682
9493
36315
55523
69178
43274
58168
55512
2141
59924
63419
65205
29199
26559
23438
17343
9032
1361
53939
57606
40173
66889
528
62595
47851
16892
43078
3906
11372
24035
70711
18074
48818
15437
35070
60280
74573
70854
13966
23072
4382
15320
66038
73595
55368
62983
4471
58737
33822
56916
50145
57125
37537
55499
67650
29236
32204
35161
40619
34092
76636
5405
62671
67459
40288
17893
28183
36862
23138
53649
6508
797
16687
65942
34411
29931
12239
31595
8284
48313
54307
65449
8673
49515
66542
19277
41448
51901
1277
49230
46189
42496
6546
75249
68399
2614
61391
14012
64227
71129
55182
13986
25354
26434
47789
32883
42067
48068
47617
45707
15348
32046
44031
19712
73743
53191
7188
49359
34439
5755
35881
67991
71697
56860
63263
74511
17633
37748
15355
11595
23747
66655
52677
68479
6518
25992
16351
44036
26742
3682
65274
39812
67338
56607
12819
30797
42917
13212
33398
37107
8905
75453
68038
27360
19627
47858
76211
37456
64240
4628
66167
62485
4932
75872
69371
61360
42443
59875
74108
23796
57378
53497
44342
13252
60587
51443
73603
39297
50920
74352
57546
32570
48352
34423
71225
49498
52215
31702
28950
54019
21349
37011
3720
57171
53106
51318
1038
73759
46170
52339
52262
57930
60161
72453
20741
6785
76545
57426
72851
40527
9316
13801
3448
49622
44861
26131
4294
27979
21221
50893
10954
17059
47580
49303
19140
66662
52978
11754
30659
42130
75345
8309
54961
62692
51605
47526
28939
41313
3689
56400
27074
9772
20608
12129
8453
6102
74369
59410
25537
4202
67514
24855
34624
66292
13183
759
13767
1977
4653
20919
30122
28392
5839
24027
59817
1220
64177
39039
65921
31025
75878
15298
72718
15476
28548
72132
7465
63533
73684
35069
31639
2567
2668
56466
37203
42482
6118
10822
48930
40652
60155
66360
18996
6488
4106
19640
75529
51115
67992
52099
14307
2021
18573
61608
42307
21840
20722
51218
64251
64005
37460
5360
33721
40946
52832
22113
73925
16270
34198
25883
6719
22776
3331
31108
71907
24640
19402
64895
18695
69948
71896
64236
55233
64054
65130
24522
37999
38
16649
26029
48230
17573
66976
68323
7255
11704
15671
33505
41772
450
44912
21300
12032
53619
59530
19540
52633
40654
48676
54366
11851
63645
21712
60096
1088
76439
48902
72276
62518
58481
64278
40426
1233
40355
57635
14778
36946
60116
45518
53467
54935
29532
34108
67578
66921
70543
13829
57283
28904
29903
29544
48225
41005
889
33628
23705
54721
32037
72123
3250
69433
75790
75599
15871
74330
54315
46651
17482
60805
51524
8864
1918
25635
14345
40152
7831
17087
73697
2323
20096
16699
71763
7357
37719
19078
38520
75988
51476
45454
67124
66430
28786
51308
37105
30884
73025
383
45419
19397
723
56104
34870
14391
71485
31917
53333
51283
4416
30952
47485
45522
63259
75207
68611
13140
37459
18927
5776
22862
21746
1814
2750
73007
14706
62044
20616
42398
17127
51789
48481
27783
4736
44580
10108
22775
49160
9741
61188
73147
65172
50372
73420
8220
68074
29983
14689
52529
43311
24389
51153
10644
37676
9584
7729
19009
7671
65182
13766
22560
76745
71453
39962
18070
15949
32677
35346
72435
59379
65656
51712
74730
48342
57980
6725
1169
957
4089
27851
46321
23074
56515
65504
9896
56036
34203
1954
47891
49330
70351
71465
53913
21971
52680
48980
37101
45749
11935
37846
47790
11350
13172
27217
71682
41799
59966
54297
76329
48947
34663
16246
55772
20721
64242
25334
65373
22016
14187
53372
49744
18554
62487
6079
52977
24356
1592
46256
42178
17721
41329
58229
63513
12388
47214
55920
62171
46597
69785
61174
55080
47863
75465
25936
57664
16039
57831
15272
60637
66311
46628
35596
66291
51394
718
70536
16324
38521
53816
49354
5357
31409
19920
57291
23727
55220
7260
73251
13125
47319
9664
48568
45103
72270
64314
28627
41999
28667
2165
22084
43808
52663
12207
65590
65568
64109
48407
54556
45530
44104
10282
18628
7936
38634
11622
43704
75120
65698
43737
1306
41747
63782
38581
74602
47541
24976
52897
41655
25458
46564
25512
40503
19969
52508
28184
43805
55604
2887
74860
13488
5696
135
41917
6974
69724
58749
24118
64906
27737
12502
25279
26469
55348
39891
66093
68450
73571
56103
5119
34353
41675
49049
64821
21128
35046
57581
54805
38881
1635
71020
69431
16352
67803
74324
35736
59465
5027
32088
25496
3021
54548
26472
29456
15404
21587
9557
28076
33492
5688
61297
5322
32512
46922
74678
335
39663
38291
58596
32571
51843
66951
50024
46219
51909
3810
66339
20675
12481
42594
1224
50338
59969
19469
20842
15445
20396
29647
69336
37441
53802
37193
65461
72883
75821
40354
73965
56898
35543
49441
40500
18200
53720
29612
21629
21204
5756
25834
13628
24306
24103
3600
66929
70197
50559
25081
15274
5362
1563
25920
33634
64146
16332
24843
18697
63526
44404
25513
20790
13023
21276
4886
711
57521
68548
21762
15334
27863
46347
62390
12441
25646
61381
2220
39724
2969
13414
54326
33419
5757
48241
7629
35214
8105
33930
47376
48440
47829
3156
76463
69262
55868
52146
43144
27281
65972
76704
70495
30716
41203
27920
12885
71854
40032
55986
15451
24091
22512
66892
4708
25827
21225
41324
53704
2222
41302
53481
6439
17014
73458
32915
52559
29575
66943
66861
15551
39765
67600
64928
8859
72250
27441
42359
28522
60742
54932
73899
13359
1066
15478
7147
72579
45265
40381
4362
53862
39838
66684
24433
39260
30217
13384
31312
66952
13653
72116
51878
12442
37161
15724
49358
45219
35965
17857
67429
59828
64893
68972
18147
13301
47953
50521
29745
18033
3923
61672
45832
16846
53659
66107
49747
895
56329
35952
12795
55686
26927
6683
3170
43741
16156
75296
18669
7155
15046
70468
9727
7709
69490
54086
42852
26996
69780
12197
59590
76594
48685
1961
3335
48996
47328
1186
37117
72168
20136
23945
28249
50592
61871
36465
70240
27339
1815
29234
24472
60117
8380
21549
53660
60791
45921
16210
73158
1319
19106
5142
31572
75258
865
20907
14592
76340
2895
7778
56071
5279
24898
25118
53062
27990
6947
70416
71292
53671
6629
40596
6415
38511
9985
63506
5712
21149
30551
50431
60170
14647
48287
46757
7370
9436
2234
37047
62421
31321
73880
3633
6814
36719
7796
16266
10133
4961
53459
47784
49887
68795
62589
32914
7854
5341
42103
67449
24015
28637
46626
63054
41727
8039
73193
71475
65582
45909
29668
51385
64519
71628
55000
30936
34887
44293
49081
66012
10084
55355
58694
29584
38471
27757
9098
28886
29306
22331
37132
49642
18701
16868
59400
38071
64800
7836
37885
48858
54468
17229
6778
14048
5766
52224
75647
72999
4280
50236
26547
28566
1759
2130
54524
24450
35679
367
66158
8396
68342
35918
53494
3872
42115
30292
43665
59333
1665
4555
32668
69946
7891
73718
41770
61527
10201
50529
46805
18831
21749
76385
19104
35599
34781
17845
71878
22008
49472
47725
23651
51099
31091
68605
22693
45640
46406
24703
76223
28847
44375
10492
11043
54113
61517
15038
41594
9141
49874
10908
9033
35224
47227
69930
14330
24207
69653
40641
7008
32199
28027
55075
3269
12193
7700
45042
47306
3422
36685
47360
473
68524
36659
11838
37681
19572
27168
68114
18863
53008
71666
26364
3979
56472
55791
16949
37035
63266
70398
60549
49626
37565
69232
47765
69185
15910
70469
51680
42334
9508
60803
69418
23738
7539
14331
46329
9074
13760
333
9735
27146
21868
29487
69838
27187
22060
20125
26695
61234
50420
12851
35567
323
61853
22450
44381
45472
67722
52154
41946
60172
46191
17113
69284
75373
29749
28082
27500
37001
19343
6369
21518
51588
59029
64449
21141
46447
64041
72751
59496
48887
44260
15843
57965
68317
1838
21589
42312
46899
10856
38663
46838
66416
26317
63829
73858
60610
67793
45193
75588
3990
39087
23559
28221
73877
23831
70196
33895
10992
45716
72929
31778
68031
75605
64128
41477
17010
39885
61875
15780
71254
9063
40377
49932
48411
3168
18956
37484
30034
54337
69022
66795
66777
49476
7377
19262
7753
54546
229
8940
19887
68161
19119
47288
71777
37298
75896
39094
61230
28473
31512
69660
13575
35582
55984
75481
27827
59928
53287
72045
48414
62294
12064
66145
56569
67754
56803
54549
54589
14957
74500
163
69002
65725
74613
4754
58969
73884
29493
44630
29378
1404
13308
62903
61636
61367
13960
14063
57775
65369
6614
74091
27818
65578
19885
58993
12494
69650
20500
71219
75315
49057
12543
39151
37633
20399
58528
17327
55477
19668
4778
16505
16967
62477
66372
34628
49592
25243
74072
61026
44032
21403
53835
37586
12137
60948
57995
59819
20077
24748
65850
65263
49188
44569
36171
48315
61691
58597
46290
6129
32831
4660
22872
61946
36173
17881
44577
61004
15168
70199
50744
59534
72146
3340
54434
36795
60685
42896
53405
39407
4734
56964
13981
6754
14798
61657
4814
14944
55815
12965
40359
74968
75880
66424
34007
681
44012
29572
2721
70409
66761
4942
39769
28763
67222
66421
75992
32980
11064
75468
9375
19076
73629
43426
14997
70098
34116
14290
47385
52952
21027
70296
38912
44080
48184
47031
20650
60228
32676
50195
38891
17092
17192
64383
23606
28726
18675
39568
71810
62619
18928
31987
26676
4272
64540
33734
39404
16574
31711
61169
32283
37791
36272
72581
49082
40997
3164
33287
38177
54673
16444
37465
63624
33060
53408
30398
1895
57021
60633
30678
21394
37780
76691
44316
69326
69848
46648
11168
9189
48181
61139
75338
4450
67123
57783
47755
61832
66752
52013
22559
19679
38280
24495
27748
53296
46184
71785
72909
71999
36382
73480
49121
16754
25812
51655
68322
13474
60793
54829
3862
17095
3769
11940
64623
56040
13784
20112
7165
47531
32944
72064
69737
7080
38242
41229
50118
15883
47482
18774
15307
43447
56719
59054
23249
33317
17474
16790
71049
42480
70413
13451
7330
65667
58985
38672
39081
51851
20191
34200
50201
48002
38200
34700
49526
76296
64900
20691
55847
54803
4091
70315
8088
61463
62683
33550
31733
70552
32997
47417
67805
3918
33327
14276
71296
5684
39951
58917
69470
6319
16871
46821
56436
48915
68560
23289
51168
24373
34593
57968
28668
1574
1643
24238
29509
19316
44840
1509
67052
50917
61047
61409
61779
67050
35518
28999
41891
18513
38615
68163
17883
42096
33083
49693
26066
39538
39139
29448
72426
51841
26396
5462
44377
5082
43322
73557
22346
15438
10365
72982
63352
61574
3276
34141
64872
9886
32713
75042
5867
7356
2139
26105
21592
33006
61402
64188
7937
3554
48040
4001
75887
56078
12652
31439
20689
54462
72466
9503
15527
62775
43945
19890
73392
887
27391
5282
48400
44793
48159
17410
23063
22037
38096
62202
56152
24973
33263
16589
41995
50323
59651
46801
50511
23131
74060
60980
49468
20331
12463
5494
55687
22935
2776
34426
34326
63369
45647
9172
17328
16789
43385
26224
45008
29593
2918
20887
51006
20224
54460
52485
27528
27842
36319
35204
33757
43240
22734
7878
59084
58779
6592
22585
63289
9939
40335
72343
29224
53710
70239
26
3293
7124
8384
7776
2231
63583
5965
67445
4031
50100
8034
67175
10287
65932
8707
61090
29157
51044
14868
28622
75711
65428
57271
33393
33864
47895
2842
30610
32301
63055
44250
5269
41148
27309
55251
8663
37803
24054
44481
21406
9131
76791
35527
33969
50946
32816
56111
59441
39806
30247
49556
66862
20377
62428
25327
76706
8359
19235
31944
21273
63612
6752
45167
47076
47086
48426
28975
43167
45287
54246
20733
46194
71185
73648
15622
10977
10270
35395
13813
49959
29204
38252
29350
27571
12505
47371
16887
35011
53689
72201
65899
15701
54096
46921
74584
14006
61036
24357
20825
59775
49801
76715
9668
53278
63592
52111
14122
8695
74941
24256
33360
29209
76114
68679
50919
54503
64444
65207
37980
43964
10151
23319
64404
25161
3059
1460
7775
66564
27504
27916
69685
35039
45002
39127
29075
19590
11407
22700
17210
13471
34299
46067
1521
2391
11067
72021
54340
19467
52321
13735
57088
43560
30022
14194
17290
32129
40563
35485
41720
53038
53904
58558
51113
62495
59246
50506
48910
68263
34715
20726
4820
30685
75323
50603
49255
6255
45121
28116
60821
65862
16065
55412
69
35633
49309
8703
47062
48458
30306
36414
43111
35029
20744
3929
65142
63003
43926
60913
45026
29469
22089
61966
60590
49813
68067
28307
25886
42772
12083
6155
7647
9094
34837
5877
71022
49363
49151
56470
17926
31480
70349
70134
74346
43334
11393
70702
46794
52539
23984
1718
2662
55474
71060
16171
72849
35681
32362
44454
60688
54263
47830
18019
59600
12036
63171
17832
44369
36550
8433
62805
43304
57636
30792
6166
31640
5985
22756
70008
16404
70715
65799
16885
13777
13672
61812
125
34694
54399
14229
38102
38831
18251
67839
6563
40001
55215
40088
10461
75977
40147
48282
57610
48111
37739
19072
13008
30355
41432
36990
45037
52276
45696
33005
42066
1384
12216
16400
51029
56180
58420
15951
20387
36635
64098
18110
24760
54702
59289
50391
59895
6735
57527
74107
37817
49444
52520
46845
37483
53292
47047
64576
30702
13622
59178
40095
69981
974
5102
48020
21571
51336
24627
38583
36016
2505
40523
63611
19663
30440
68659
50973
72142
43336
7399
34476
72333
42135
68869
74357
72356
54682
65992
24512
45027
14448
16905
10063
24664
47020
26281
73446
60745
73036
31737
66879
9587
59127
7821
44616
15097
17137
57374
40104
41593
61917
43590
41606
74808
9512
53687
57690
20930
46111
73868
32759
51972
24322
60182
70669
54836
23246
47513
27703
68160
60593
60683
73977
39958
42447
21234
67044
76671
40994
20952
10808
3833
62476
56218
36055
38647
57812
48949
27636
26103
37082
71025
43051
44469
59140
7243
19084
60029
19499
38528
57994
1074
13430
950
50562
23852
62527
74887
48645
72418
67004
67988
25628
65259
4612
64969
5069
29002
24021
28482
70868
18977
30966
76084
41666
54048
22544
40604
67266
68480
58301
63355
49233
43731
52138
10748
44502
43108
1638
66531
10170
18136
31747
13462
2462
5788
11815
70969
59485
8875
65277
19755
45169
1552
4327
47825
38068
49023
75631
10698
14984
32239
62845
26371
47794
8557
50012
48276
30258
47111
38882
32594
9484
19602
74680
37666
33336
5892
68883
33478
59759
45970
449
6679
6034
2410
20723
11580
62570
18158
41718
64457
68800
4371
57275
47811
54448
4530
16880
32515
8280
70019
20058
55266
72799
38139
59769
28923
48439
53321
17715
32297
15567
25830
15009
75780
49520
32568
69896
64754
16285
75528
6249
67797
20695
5686
4255
49876
11102
40643
65052
11548
49
63877
44491
39403
64093
10198
70402
74898
52936
22822
8670
32518
27672
65367
1886
6202
68818
14178
71894
32462
22687
62314
17384
12599
72602
16654
74510
53440
21817
4518
52137
58320
72490
29466
39929
74408
34065
75032
40368
26786
13542
34264
1786
46442
43094
49058
84
11487
63536
2485
39799
28527
14925
72429
37244
29797
10264
62452
39304
35053
73306
49865
55919
41542
7971
23011
57119
34892
28059
15793
29471
32869
36868
22157
27807
76339
28387
53078
31996
51074
23426
37509
22810
61491
29321
30699
60363
23569
26735
74489
30032
30327
23740
49313
73057
32270
14986
11811
16707
75407
73035
43577
56374
55719
11062
63994
23256
36804
2821
13130
9292
6902
5559
19379
6312
34286
14595
48575
56513
9783
29989
33516
23342
19327
28294
64016
35357
5581
64136
39033
2939
34346
61023
9589
25538
53857
17080
47331
51769
6286
5333
25213
2831
17423
3064
59903
32582
71584
43347
19328
60548
65867
60142
68700
28416
30791
69928
1315
42165
60592
72908
27149
38394
10750
71407
31417
37226
30617
63052
15414
30109
8343
8363
24759
49521
25377
60876
40017
17969
15880
18186
62833
64244
20901
38251
36149
11365
59089
60086
6886
33487
47113
2906
48210
56052
42768
38386
32862
13734
49203
1050
57800
37786
17302
7261
44445
45283
47045
41874
68879
60780
4809
52526
69289
35304
18846
43467
42939
30209
45319
53018
69399
13971
68799
30189
16155
28032
69333
59486
60781
11035
65227
61179
52985
5056
26320
2643
37674
3984
6053
36034
37021
58650
4999
20299
14745
21537
44356
15856
586
53104
71095
39282
56185
31193
56896
58912
65376
6550
40868
32030
44762
43252
22972
1577
15947
30155
10530
71440
73560
1179
49712
69538
7868
31406
47317
9625
26225
19021
71113
16914
7907
27753
44090
50927
8788
38658
5911
75820
18375
9495
36257
21641
20938
9056
8527
3363
61758
2830
41943
24239
18727
47051
39567
47182
49661
20060
69165
12301
69813
37688
32469
62264
21818
29538
32828
45191
12688
37594
60837
37364
23925
62010
8778
1443
5477
54281
33370
72198
58676
63840
10775
40157
40756
16509
3081
13034
32948
47766
22942
58247
57001
57110
46618
49691
19187
17592
14361
19989
31600
45804
40268
62063
42558
41314
22984
12647
25618
55027
24589
1618
31493
25625
75417
12140
67833
1208
68563
31347
11167
30928
65689
36864
21391
26439
22134
17511
22614
72005
15149
30476
29463
23897
41948
26611
30683
31638
35120
26275
43423
71639
34227
20141
54690
30221
73794
74088
18248
10882
9159
27142
46941
54254
72410
14340
54591
26108
17882
40045
61790
60060
58530
7914
21186
24922
7358
73352
23147
55095
27623
30225
25788
32408
72563
60380
54317
71139
21442
20936
8916
49126
24879
13592
38506
5074
20313
67032
51416
19693
6452
14065
11326
14339
44959
18848
56093
37882
65693
49703
30160
33620
18896
20438
25443
38895
66948
53728
12423
73006
69233
809
70446
35761
67049
40663
16431
44518
22957
34106
72921
2493
1603
72219
41463
46759
19806
43860
53417
41114
39605
54011
51125
12274
71772
55538
3815
34899
39380
8064
46800
67682
54050
73272
39245
33217
38100
74671
43675
74168
62375
29345
13965
69655
1342
45386
13037
27959
43070
41870
25778
45067
68054
12166
38402
5722
7381
42562
72537
26969
41381
40122
40424
23005
1080
55249
24061
24427
43569
32711
59107
21428
63871
70080
22321
69257
51684
50535
7361
4124
40933
18596
25120
20363
26575
41643
73941
30038
71847
59758
37966
26112
16758
66016
48901
5893
73590
75463
61116
26459
64348
20315
36102
22077
61315
21504
72305
42932
70801
7071
37991
59804
66036
33371
57424
57967
35411
18103
17673
25451
953
53957
29074
7059
71957
10571
14265
56099
9122
24825
56818
2435
61722
10451
59952
52456
37261
7818
73242
5075
66240
44466
11563
17799
21122
2883
6738
48465
10450
18224
65724
48378
21843
29125
46188
2487
5467
40808
19926
55612
34926
16429
4328
43303
64845
74647
8038
41475
48890
26898
27706
72667
42731
13700
28673
33400
36806
32561
57933
9694
33814
7701
54639
8422
46025
38599
43388
38820
18211
46430
6414
33885
75347
59721
36142
45583
23431
21449
66796
20381
74755
10766
57035
69332
33526
75958
76004
70424
33775
13323
27816
37028
75460
25630
49710
45274
27770
24947
11119
53989
28555
33964
49175
37516
65747
23808
11637
36467
50423
67617
40856
19374
48451
6697
51955
34631
25235
22527
257
7956
37371
829
63848
49595
26617
33871
43160
66835
72199
10997
9012
2195
31688
27529
43930
58510
59575
63785
29387
5072
24499
68142
39969
22553
59630
4205
25115
6448
14334
46346
72949
74176
37020
7742
6834
1426
57936
46843
45673
16222
8520
14751
12030
31474
44303
67829
377
64574
72778
37266
22160
46640
68704
72007
12838
21307
1328
44456
48427
7327
6838
71862
9795
61016
12940
62695
58559
18133
4596
8765
74055
18478
47356
50413
69972
20922
42924
70864
40213
55324
44850
73588
33266
57392
76224
38032
10922
42779
26395
1853
71514
11462
72716
48587
62611
47508
10436
43607
18333
72364
55786
72867
2788
69822
54856
46976
36849
12834
14380
64686
44940
18593
7967
43205
38356
7294
69504
76509
71451
72963
33789
4587
59887
44818
3253
51554
69473
2756
69574
69247
52457
33861
12991
41722
8447
30840
39758
56192
7510
54663
52053
35943
73813
2984
53831
63893
9374
44122
24961
66033
37944
38926
28408
67723
35408
59358
42287
19165
21228
39606
3621
53884
37578
43153
66143
65910
11448
74350
73114
8588
3176
30410
19359
44166
47097
56175
7171
67577
14140
64271
3743
23615
65306
33380
55715
666
76416
48656
29499
27575
64350
40508
54453
59341
22044
71934
1924
49886
75496
64955
8930
25169
72887
9191
61913
62095
67495
29987
37220
43783
4051
38999
55287
7791
41785
12368
3917
67080
54057
20658
74927
73102
72294
45187
41460
52606
56974
57003
34359
71165
6364
47008
44728
311
43225
35480
23237
19678
67327
1907
15120
74024
6196
31099
52492
57313
36615
46001
37797
60138
64373
22963
46846
7438
62283
5564
27790
47571
44942
48559
26179
62287
15697
26971
65572
48983
57382
43339
73709
35973
55727
42765
53625
29455
44453
76368
48608
9948
47597
16775
32420
10376
19641
65851
76619
29985
29957
41598
36846
42206
43558
12672
53066
21002
70752
54921
16010
68282
66550
22053
66022
47849
33924
56373
59978
31286
4829
40571
25307
44965
73003
48956
72097
16951
58511
73656
12266
60675
50142
69464
15054
48975
46334
3761
67450
13016
65600
56836
76516
65402
3671
62701
11250
2765
18184
9554
64535
65288
61192
76481
8793
46715
12220
52691
40791
71181
574
16991
46753
75363
63116
60229
39761
57884
27409
51343
18766
490
45165
26508
9950
16123
24371
57753
70631
47363
11842
43433
14104
11132
43669
10774
358
65276
28174
59629
69118
45241
533
73377
44617
76780
67314
9190
43664
21431
49228
70293
60202
38526
2992
45996
20137
75321
29561
20908
23367
71171
15216
6797
61018
41426
50844
34751
60131
75869
66903
3138
7238
64364
28313
36597
71264
59319
19819
16375
17833
14078
49424
51155
60845
63402
47877
62334
6706
3580
8152
54022
35007
72932
9298
15382
56686
68985
24565
600
61838
42108
72105
34205
20335
459
21412
72403
57086
47181
14657
27013
57311
51635
15146
53768
59113
19985
57782
25578
53499
66548
71542
16314
65630
41939
8411
65977
51910
21480
64809
31808
9799
1343
59216
28354
61150
35174
66379
15825
2832
58817
53907
4870
74110
60694
74160
74598
9981
47584
60554
39109
58805
50433
7736
13120
38578
6021
7586
70386
21676
18423
52369
35293
59484
25293
11511
20944
56435
34735
2307
38370
23379
76124
17990
42174
21133
28717
52626
5394
57325
11174
72463
62350
26779
10043
34387
31306
11974
920
60880
23069
67775
13217
39217
5806
642
17581
59782
27481
39866
24547
64435
56568
50780
48080
62546
29480
24500
43621
35928
45831
54620
52989
56429
7622
17789
58820
11445
67704
22907
40291
32421
54982
59731
48786
3387
443
49532
12574
48332
76734
28514
46665
64517
47524
62384
4551
41349
58924
11047
12169
48031
70103
72612
23067
28491
69988
17395
63573
43258
49305
71428
29281
5370
43428
60754
62380
43935
3876
63189
30020
75382
23762
76103
15602
11769
4186
3455
17731
51187
56774
24891
65609
66717
45536
1945
52198
75472
8479
30938
22011
24013
29453
65210
27170
43584
51912
36753
23846
33544
5813
75193
54265
42035
9761
17708
27539
30905
14019
45549
28493
283
46732
57711
41888
29309
7535
36201
42146
1539
72515
15083
21715
7755
1419
68213
27094
63545
74207
65505
27734
54789
32617
16506
23380
24308
15064
58705
65556
32018
68373
53056
66317
15725
19355
39938
9278
22848
42020
26189
43260
66445
24709
5157
35194
24384
76146
19306
45374
73730
63731
51230
60622
65433
58101
14618
35623
7315
73675
66963
48906
56979
32554
27985
60442
65865
4522
75031
16481
200
40031
10489
36958
74666
71658
3698
47591
18536
20558
619
64139
6842
217
51079
43819
32651
5673
49794
69702
15863
68108
40653
28335
15198
11689
74273
50137
72153
44160
24453
27927
28952
14292
36094
18204
76465
1381
39308
62197
76109
50817
51225
76316
60095
37863
68863
29552
47740
46031
25523
62608
70194
49291
75627
3825
4386
25614
2397
54049
42691
63713
59919
2472
38566
46589
52213
60394
72618
47746
47185
37805
12601
62587
33916
71559
48948
22445
16397
62927
43003
6315
51389
758
45818
73501
72229
9431
45411
74934
65317
22587
32110
57918
46896
42992
6967
63521
47654
52307
671
50006
30319
74515
22859
58801
19752
38438
7157
25195
7826
30832
67831
18287
14422
10211
68861
51669
62557
23157
18346
63364
39629
73030
1927
34177
75138
27062
46141
39276
50074
6664
55989
54374
45492
21738
31206
4836
64886
63067
37058
59805
36799
40701
57344
34813
4662
6221
69703
23520
61347
61622
23395
7170
1293
38560
75263
47598
57442
41353
58508
33712
54117
24478
63064
63405
16334
18792
23848
66176
2682
61918
37137
62981
44331
30029
33401
4519
1246
30862
35117
26431
52346
25378
55866
1303
57145
65842
76501
3959
36397
68599
33887
53303
28006
46596
42197
48731
3976
49548
76381
60767
74774
17153
40161
48263
66714
51196
57619
32482
67908
20791
4296
53954
44742
31741
33588
52994
63340
19293
32806
32963
37872
58963
35597
17801
69163
37447
42262
5545
49728
65727
17610
40304
42922
25091
43410
58474
71534
5853
16641
75966
20833
3218
46881
71279
60012
71218
61687
9030
31246
74547
54940
51801
32950
13465
13393
74059
34181
70981
29001
46936
70679
75813
61933
71498
32072
11490
37352
61944
56005
67455
57798
27070
24044
25648
45007
70905
65011
41213
7640
67353
15803
18540
30719
17149
55839
65827
49181
52139
41225
26294
2599
48092
56290
10585
47322
58536
15143
46151
1939
58501
6721
65813
35034
54590
61455
25911
32059
62295
71245
23915
55434
68325
38619
9514
58
29007
6944
38190
50042
23416
67957
522
28414
3348
51224
22565
65967
54219
52786
12261
2332
14738
43169
74645
10291
62602
52847
2592
27438
1430
15682
53313
24991
40825
2794
9365
16173
75943
39912
42149
59649
61504
29947
60345
50552
52940
17325
60697
23752
16515
20996
31837
34966
44558
1097
70366
17494
20270
43306
41938
76382
54670
72182
53770
5104
8106
54107
4104
65529
73792
7606
1238
36763
14127
49103
5258
38651
56683
18878
69752
35991
50954
19282
61909
68866
53923
1512
12564
45467
33967
66515
39001
17814
31768
50260
33609
560
56669
47983
70917
836
16346
51665
27031
19074
29759
65844
74991
17570
8049
27448
25234
68854
42387
28448
66263
4394
76631
60141
11131
74780
38932
53717
47065
68428
75652
16621
49113
40240
45845
63812
33529
35426
33242
54264
58071
2318
42253
49442
71024
68511
48677
64446
8553
39864
5200
73496
46765
61394
62688
75370
8501
31467
14838
69174
24164
7982
63886
46750
35697
38858
67888
66090
49380
19781
17907
27913
68513
22671
58520
23344
58938
34453
60696
71858
63845
62410
23490
46113
43892
9397
32216
67007
53637
1988
45920
45614
74620
44
31022
60295
51253
36639
27750
67290
19544
40998
71527
7989
34964
5460
13661
75645
6203
76647
22022
71600
70942
8986
29530
2079
24583
33817
58531
7466
46377
60143
498
57759
5866
48828
45288
45030
17262
67790
57517
25691
41118
64305
36125
59713
9787
13946
38148
57615
21693
74779
34420
64726
66485
69744
15510
3030
61693
40009
13746
76372
2164
57940
53657
4078
66687
58350
32841
73498
40755
71196
7372
10183
59413
37061
48244
41693
53122
73821
2150
64816
46835
44535
73155
40871
15233
31959
32843
55112
32049
27456
68449
21877
73505
65771
40490
19613
45899
61226
38256
65531
55813
36436
62137
23505
33166
35655
30627
15402
4737
30361
67819
42816
10357
18668
17919
20939
43162
64680
14134
43098
11605
72832
27271
62261
76526
9505
74607
72099
63795
35886
18466
11177
16467
60737
7275
16084
20297
22797
28823
30006
36401
40655
1533
68637
71145
25396
519
1613
29264
47603
25449
19567
55282
25877
59475
36192
5547
15786
34664
11413
26597
71303
21605
44193
52922
21608
49355
12144
70937
54431
52577
6969
17515
13781
55806
9046
34152
23678
22811
29654
22030
7216
48664
67157
63910
73464
70920
6811
59811
6363
24981
45695
49219
41595
16269
55819
22690
28910
45049
64220
56447
41033
4786
38631
46826
76695
62341
29630
42315
61584
50407
58543
46399
61021
54476
38359
1259
54104
49436
45877
69243
64437
29527
74423
48446
45290
73829
20572
6757
19216
39234
52381
54169
30021
71665
25979
40308
11973
25263
51437
39179
28272
4571
10220
70839
73888
3879
35591
70465
73105
62253
42242
11078
66104
41053
8913
59337
29726
11092
55285
36601
70095
22256
60062
20506
12241
25035
47215
45484
22474
30301
64870
40919
1001
53034
39334
71734
22637
76227
59983
47287
42142
23767
52487
76767
52628
22856
74726
2755
58090
9407
18571
30878
29239
16260
19691
41759
20344
46449
14002
29363
50169
46291
35228
31701
10934
29056
23231
3924
27562
17991
56213
5455
73339
48885
4962
32465
7443
75721
19784
51045
18556
8223
51980
52444
51272
40908
55636
2495
21084
16472
4232
25148
72307
50002
4824
60998
37428
56701
46457
67126
11476
48501
60125
71263
12284
72049
38782
75617
72755
863
29843
28881
1511
33133
11874
70181
14687
52533
7605
42335
64425
29395
14985
51836
2510
27455
17448
23388
19620
25657
2049
28793
43908
34039
15118
64549
47431
5042
73532
14095
68071
5231
49903
45520
63098
33796
54779
6094
34239
47362
68170
36853
53425
69249
66773
15696
37491
55951
72902
27462
44513
44955
69769
60711
56699
20609
74531
49701
5909
7109
38416
9999
23968
42281
2131
26793
48067
20928
5515
48134
3019
8200
24945
53142
29600
29113
19829
24574
25821
58405
39223
27119
44874
39095
35466
49505
61821
27415
21643
56006
57052
2001
52212
62431
3310
57115
41515
49231
22987
1389
22306
55360
18281
3523
70423
38630
61749
59499
58038
42506
21588
69603
55333
42842
8230
40814
56407
298
69749
70935
34194
66561
28647
61846
55729
56090
13918
29211
13990
70053
33184
69081
33128
18796
41623
29353
73461
15709
54994
11202
56139
72054
18854
53697
21905
6970
72556
1981
47165
48894
8517
9912
1218
57411
58763
13454
70262
14281
29287
8424
22118
66901
8642
73782
41111
56460
75191
10497
27668
56583
4594
9276
676
51252
27567
89
62418
43513
31124
71234
46197
53061
55590
71548
60306
47164
23645
45285
11715
1864
46674
40330
28782
33592
2254
31345
27825
69642
19332
37757
38446
75423
28064
49128
32429
53807
57828
73343
10231
74196
44622
20450
69689
43377
23232
25382
52365
24473
76407
23126
39177
17671
3535
72239
41131
31997
32256
41784
74451
30162
50587
32392
19539
50781
4863
1597
16273
41386
37004
1431
14010
43902
18581
43674
39667
23241
22127
41657
4278
47931
35273
75524
22965
31757
5489
7088
56487
10104
70096
3717
62933
51956
31618
12290
40954
66086
29922
44183
38948
43357
34070
2766
25241
5055
45819
48943
62931
14338
35896
33831
19269
25912
16427
24874
35134
29008
22790
15858
33918
49204
40097
71705
71761
56244
20491
65481
38236
34078
19353
36942
38073
31814
54729
43307
46990
74137
65604
41088
6309
51406
30275
13082
20552
38715
35959
55146
9246
75610
17583
4981
70759
38762
66251
73258
44007
9148
45792
38970
9454
35467
41832
31998
55306
29762
36452
72586
39018
16824
41619
15519
23174
55519
22036
4142
32293
49788
58701
47898
3557
6456
11137
13514
72826
52344
60244
2078
40545
66530
3262
18014
21803
23969
69856
21568
46277
2800
38728
39421
57018
62517
49669
28200
47823
68425
22495
31520
61808
61326
25741
61804
70188
62185
64573
75043
40059
68045
37692
25493
3741
64738
39921
59839
49647
24142
42056
32608
37582
39543
67395
57079
62181
74536
12799
23282
25548
49652
74316
37243
52435
35463
6217
71972
41437
71305
57176
37279
48856
10858
6765
68353
38003
31550
62153
68280
15876
30294
11483
45403
16828
69644
55705
54749
49640
8410
58265
21277
54713
51600
12758
70767
4982
69570
35735
54710
29916
69355
45345
66006
58267
49445
36621
11338
28693
21041
8219
53735
26591
65154
127
26703
64092
31374
12779
50428
71302
9470
43652
47495
69438
13874
63559
69884
50614
1901
2655
61739
66195
70112
76622
30384
4867
8671
15878
40765
58932
74048
62372
53970
63852
68585
5682
14856
41436
9813
51679
2799
74754
10777
72101
68178
54367
48323
44457
33108
22861
67405
28757
59753
75234
1982
66273
44018
59247
52023
60267
54493
18568
74585
74182
7976
45202
30779
16115
25490
11662
19178
46181
18057
53205
21176
31578
5703
33391
52972
57735
14473
27458
64126
5325
53906
29032
25236
14799
24534
44189
64458
59418
9150
47699
49787
13523
21976
51296
55807
54835
46177
55067
61500
16969
53513
73492
17183
32545
8907
63830
30788
5096
16957
74264
23995
37063
11557
72658
65324
32740
23680
31415
27216
15740
9178
12811
42574
47025
32650
5785
75235
46866
33192
29346
8684
29685
64418
49499
40834
15507
12235
11748
57308
36122
45974
65544
34819
54211
23723
66018
58960
3318
36814
12649
25904
63233
28465
45950
60938
7362
61708
60629
3732
45892
24039
25065
57062
54903
62015
29669
20510
15080
71228
76380
13416
11701
41351
51176
42134
15100
62725
54455
26272
5707
52032
52383
2107
57217
11099
3536
38065
41521
34750
25365
74063
21066
10303
40899
42732
52703
66314
10619
29368
51189
36762
12876
32057
61533
39400
35035
6514
39475
55657
46192
32085
25908
65453
23056
32946
18337
55887
2814
72470
36968
62634
59795
47501
31088
47396
13378
3893
3223
76391
12314
11941
64923
50351
61986
50680
34501
49001
1842
4980
61652
22552
22867
58283
63720
28998
32593
25735
55255
13967
52810
25476
25828
73233
49168
27856
28599
23447
68062
42107
61480
1173
67105
47173
38754
24776
13279
47660
24598
9563
55862
9703
43045
60468
50292
61005
59250
46825
3336
42526
48719
34576
21340
14351
22860
22265
76424
57708
64402
42748
72974
21513
49325
76279
33726
68034
67036
47033
70179
12785
21947
29293
70348
6684
68035
23822
45533
6418
4691
40012
49217
64736
10666
69751
13589
5402
60882
17249
64632
19725
6951
63522
376
41568
25008
65993
45481
27968
13300
5639
4651
19417
43321
34783
38104
32863
45397
65634
35146
31448
1458
23107
20981
19949
41694
13342
9622
6982
32647
43654
19169
58893
26531
25331
52441
30735
15175
3056
2554
68203
14907
26787
56248
46725
75899
33339
8482
23758
58004
37077
30444
55231
70516
27673
17204
28095
25276
36721
16393
54930
26963
75822
45904
62974
34409
54967
55487
10979
7163
36596
31511
10784
6223
30533
66616
33994
17560
59866
45691
8206
30695
66499
15010
46874
20883
28462
61478
47625
23467
27145
50164
67482
35634
33441
41804
54259
21213
50510
33411
20563
428
33937
23679
3267
28564
30720
65904
64823
46645
75886
63549
29170
3112
30619
3296
10592
49598
5422
70875
43951
33788
64506
63501
68914
17854
58519
59997
54159
54824
16059
12506
28848
56080
12843
60240
58923
47808
40738
14649
66521
60293
27869
59324
74009
54609
55099
51386
14932
30630
45790
50188
46655
61949
62170
73213
44878
43270
21679
17144
50259
22755
3394
67447
18783
63556
29080
55247
21623
14546
25497
19238
72106
32678
11414
28792
63591
20751
67623
72303
42566
6088
56226
59936
67374
22729
5612
34503
26872
16157
27679
55118
22709
55081
3495
51673
12534
2680
60444
32715
60947
31560
24603
73286
32327
17806
34010
61719
36546
26522
21651
72810
14707
26479
58181
64993
56207
34535
37626
22001
39934
13461
70012
24368
34156
16923
57666
12035
18553
47114
75695
73506
73545
22520
50256
869
51209
69456
33346
67671
48812
18517
75189
52373
13498
74609
55397
11281
36166
22389
49579
41091
72603
65558
34764
45240
8705
70254
47072
954
27605
70894
12835
66174
42305
38316
9247
40548
1871
23920
49844
10814
66519
38287
2589
9684
75358
64295
57820
37199
555
62869
11934
41024
30943
31118
51552
58185
56680
42060
67748
4860
32325
34667
21123
62556
39901
28077
14496
60788
51078
69056
70017
45600
19159
29319
20008
22513
63282
23644
11850
7284
25420
55560
30288
52462
59082
4308
46300
26888
68151
49475
20154
34772
45149
13234
44202
17110
39119
39092
34100
69917
53019
51990
13527
69576
69142
657
37264
28709
15933
57513
6655
41691
11896
25026
51741
10423
39794
76060
38465
46616
38331
61474
25136
36085
32353
26188
26962
14322
12350
62027
41557
679
54028
10736
8562
64909
44278
3998
74505
37559
42372
497
56968
24862
38415
5206
49864
60926
47819
28273
18172
35495
61891
35020
13137
4890
47273
14954
32082
65746
34726
29522
75860
51293
64715
20926
51154
21607
71111
8652
35026
10675
29190
59006
67198
75758
63977
64184
12875
46260
59976
63186
76759
73444
7364
26855
30520
4040
1861
18537
6280
54092
58700
31872
20443
60523
17347
55239
54658
33678
7413
42337
26376
14626
67219
26758
72632
3725
37972
18303
37498
47195
20544
54365
30273
70462
24141
75099
70518
37951
70547
29037
216
26578
22206
70646
15099
42573
28389
74099
38278
28814
60346
73255
55304
49030
29935
30092
22247
3840
58313
24364
32233
63239
37071
36643
43659
287
37891
55962
62111
42145
75241
28044
50254
57644
6677
50717
34999
17160
38040
76460
63409
844
20371
45389
75783
23129
6816
48212
17782
43434
74727
7379
19099
42815
46528
3084
50621
17682
61686
571
56512
1373
70333
34895
70292
18666
21464
18405
4480
63929
29543
7710
24921
72565
45282
3277
29556
59007
62237
53591
17086
59347
47264
15923
49676
57493
55635
46649
57407
37151
48784
65952
72002
53788
31230
40185
32600
75873
72461
12027
57734
41933
37372
3246
10250
24612
71517
50053
26444
63127
8680
32160
52270
75196
28498
74630
9386
3925
25681
52741
29623
34953
43709
43032
32951
38773
48010
41173
34474
25570
12493
52117
66611
55451
76213
22320
7934
9639
52349
18939
5824
60023
63459
32776
4565
1591
9025
2137
39264
32681
31852
59537
11079
43489
45810
16718
66331
48601
38369
26530
20509
16927
68554
19315
63394
68336
38067
17024
48962
26164
68816
20519
43614
23007
49873
63663
25295
36351
16529
17718
42670
71345
8282
56932
32303
19130
65286
75469
34573
59841
21878
8698
57977
27938
26581
34085
62702
45393
27590
58812
15798
39258
62738
73883
6124
45233
61579
26923
38876
7953
211
34778
34544
21940
12025
60708
8426
9900
42320
43576
9844
51069
61417
75952
17613
18063
70590
28611
69123
36254
29390
4034
20641
69451
57593
31006
65467
61939
37525
46748
63517
