6939
24482
49544
174
3356
39120
199524
1239
1828
35280
271253
37721
6057
51185
212483
137409
263152
23106
15830
61568
47787
41327
42473
25091
41047
3257
6461
34224
267613
917
39351
1299
13237
37468
7018
36351
4455
9002
35598
34927
18106
28624
12779
3216
63927
52873
28634
38880
25160
53070
8220
52320
5405
29075
20764
8298
37100
33891
60503
34019
34549
263237
28917
16552
34288
48362
12552
6233
50629
45352
14061
58299
48919
47957
24961
286
5713
34177
14537
2914
14630
15605
3214
49605
56987
59890
20932
41095
57406
15547
41805
20485
42541
47147
4826
8218
58057
7713
14907
51184
7575
58511
25220
8758
13335
559
945
9304
328832
1267
8447
20562
3303
701
39122
12389
29140
59605
62167
6424
50304
9498
8283
64475
12859
50300
199938
198385
35360
12969
8966
12637
1103
50673
47692
48858
9044
398465
15435
13760
9902
57695
46887
553
17639
32787
31510
264479
8359
396998
205112
140627
16735
210937
35710
1764
3333
1140
8426
49420
13030
21412
213151
4181
1031
209
206356
7195
13194
20473
8309
200780
51873
49673
31133
3399
4755
53828
3741
8896
5398
136557
132337
31025
4764
60068
50763
293
3491
28792
31742
28716
3549
56655
24516
48070
4637
62275
2119
41811
35266
9505
3320
23764
24724
51088
4608
15576
12741
15412
13786
38001
41722
58453
207841
6762
8455
8560
6453
2603
35320
3170
41666
4766
4230
23673
57304
47160
9930
9049
32437
32653
30844
37680
2027
327983
4657
14840
329035
140984
202365
50607
58952
6774
22773
63956
327804
132847
50628
35600
