6939
24482
49544
174
3356
39120
199524
1239
1828
35280
271253
37721
6057
51185
212483
137409
263152
23106
15830
61568
47787
41327
42473
25091
41047
3257
6461
34224
267613
917
39351
1299
13237
37468
7018
36351
4455
9002
35598
34927
18106
28624
12779
3216
63927
52873
28634
38880
25160
53070
8220
52320
5405
29075
20764
8298
37100
33891
60503
34019
34549
263237
28917
16552
34288
48362
12552
6233
50629
45352
14061
58299
48919
47957
24961
286
5713
34177
14537
2914
14630
15605
3214
49605
56987
59890
20932
41095
57406
15547
41805
20485
42541
47147
4826
8218
58057
7713
14907
51184
